5.000000000000000104e-03 4.426210974732209025e-10
1.500000000000000118e-02 1.396015853389706973e-10
2.500000000000000139e-02 1.125116697560021554e-10
3.500000000000000333e-02 1.252350981280272406e-10
4.500000000000000527e-02 1.631532828238388235e-10
5.500000000000000028e-02 2.327613599479129692e-10
6.500000000000000222e-02 3.517317144780701504e-10
7.500000000000001110e-02 5.523769181847770021e-10
8.500000000000000611e-02 8.908840977733213937e-10
9.500000000000000111e-02 1.463962301340278149e-09
1.049999999999999961e-01 2.437568424790865378e-09
1.150000000000000050e-01 4.095955337725036503e-09
1.250000000000000278e-01 6.924956001929661002e-09
1.350000000000000089e-01 1.175270658447288870e-08
1.450000000000000178e-01 1.998621026668459306e-08
1.549999999999999989e-01 3.400685019882144293e-08
1.650000000000000078e-01 5.782781754057792708e-08
1.750000000000000167e-01 9.818020117693240860e-08
1.849999999999999978e-01 1.662956931738650999e-07
1.950000000000000067e-01 2.808130690908195609e-07
2.050000000000000155e-01 4.724838030356580597e-07
2.149999999999999967e-01 7.917355621633155912e-07
2.250000000000000056e-01 1.320738917021070946e-06
2.350000000000000144e-01 2.192511372502783442e-06
2.450000000000000233e-01 3.620925954539998591e-06
2.550000000000000044e-01 5.947470667984053043e-06
2.650000000000000133e-01 9.713512042909525874e-06
2.750000000000000222e-01 1.577103911994678928e-05
2.850000000000000311e-01 2.545093058016677327e-05
2.950000000000000400e-01 4.081640058606183640e-05
3.050000000000000488e-01 6.504136024585562361e-05
3.150000000000000022e-01 1.029701668754267105e-04
3.250000000000000111e-01 1.619381141955170632e-04
3.350000000000000200e-01 2.529628757007478315e-04
3.450000000000000289e-01 3.924581395287061233e-04
3.550000000000000377e-01 6.046743951231181753e-04
3.649999999999999911e-01 9.251410524446643724e-04
3.750000000000000000e-01 1.405471731963482815e-03
3.850000000000000089e-01 2.120003498415266602e-03
3.950000000000000178e-01 3.174873408550981605e-03
4.050000000000000266e-01 4.720293429250922539e-03
4.150000000000000355e-01 6.966967355627570052e-03
4.249999999999999889e-01 1.020779814809559712e-02
4.349999999999999978e-01 1.484625497327056627e-02
4.450000000000000067e-01 2.143299545188191713e-02
4.550000000000000155e-01 3.071255372482870408e-02
4.650000000000000244e-01 4.368208567464972047e-02
4.749999999999999778e-01 6.166427808951605027e-02
4.850000000000000422e-01 8.639653987273597513e-02
4.950000000000000511e-01 1.201384541542718926e-01
5.050000000000000044e-01 1.657991277574853151e-01
5.150000000000000133e-01 2.270854728419471613e-01
5.250000000000000222e-01 3.086715393256256323e-01
5.350000000000000311e-01 4.163877370684863077e-01
5.450000000000000400e-01 5.574271089047918570e-01
5.550000000000000488e-01 7.405637272699331364e-01
5.649999999999999467e-01 9.763758084668614501e-01
5.749999999999999556e-01 1.277463331468996266e+00
5.849999999999999645e-01 1.658646924753043761e+00
5.949999999999999734e-01 2.137131713456668969e+00
6.049999999999999822e-01 2.732616926898481235e+00
6.149999999999999911e-01 3.467329634710266895e+00
6.250000000000000000e-01 4.365959334536363201e+00
6.350000000000000089e-01 5.455469607967717849e+00
6.450000000000001288e-01 6.764764047191968999e+00
6.550000000000001377e-01 8.324186453260233876e+00
6.650000000000001465e-01 1.016484016716273509e+01
6.750000000000000444e-01 1.231771845377690511e+01
6.850000000000000533e-01 1.481264710029448040e+01
6.950000000000000622e-01 1.767705161229075372e+01
7.050000000000000711e-01 2.093457417964853917e+01
7.150000000000000799e-01 2.460357931159057543e+01
7.250000000000000888e-01 2.869560087153621097e+01
7.350000000000000977e-01 3.321379617651069793e+01
7.450000000000001066e-01 3.815148375116022805e+01
7.550000000000001155e-01 4.349084910280758720e+01
7.650000000000001243e-01 4.920190643890170179e+01
7.750000000000001332e-01 5.524180268267173233e+01
7.850000000000000311e-01 6.155454283655637937e+01
7.950000000000000400e-01 6.807120244806711185e+01
8.050000000000000488e-01 7.471067384407778889e+01
8.150000000000000577e-01 8.138096859257414906e+01
8.250000000000000666e-01 8.798107047809266135e+01
8.350000000000000755e-01 9.440330271960917230e+01
8.450000000000000844e-01 1.005361421338404426e+02
8.550000000000000933e-01 1.062673835713950865e+02
8.650000000000001021e-01 1.114875323857087466e+02
8.750000000000001110e-01 1.160932829534063870e+02
8.850000000000001199e-01 1.199909290497720917e+02
8.950000000000000178e-01 1.230995484166051455e+02
9.050000000000000266e-01 1.253538097608709307e+02
9.150000000000000355e-01 1.267062656307741690e+02
9.250000000000000444e-01 1.271290183730954055e+02
9.350000000000000533e-01 1.266146772694811204e+02
9.450000000000000622e-01 1.251765610161213829e+02
9.550000000000000711e-01 1.228481385885462771e+02
9.650000000000000799e-01 1.196817406491573621e+02
9.750000000000000888e-01 1.157466104357440599e+02
9.850000000000000977e-01 1.111263951445607887e+02
9.950000000000001066e-01 1.059162042110040716e+02
1.005000000000000115e+00 1.002193781506716590e+02
1.015000000000000124e+00 9.414411994391748806e+01
1.025000000000000133e+00 8.780014019110450363e+01
1.035000000000000142e+00 8.129545795001290287e+01
1.045000000000000151e+00 7.473348238579309566e+01
1.055000000000000160e+00 6.821047767094506753e+01
1.065000000000000169e+00 6.181348682938747174e+01
1.074999999999999956e+00 5.561876142828174352e+01
1.085000000000000187e+00 4.969071516404076760e+01
1.094999999999999973e+00 4.408139227248056358e+01
1.105000000000000204e+00 3.883041783073006314e+01
1.114999999999999991e+00 3.396537754403199472e+01
1.125000000000000222e+00 2.950256023273640338e+01
1.135000000000000009e+00 2.544798723241538951e+01
1.145000000000000240e+00 2.179864917195926211e+01
1.155000000000000027e+00 1.854387163955971118e+01
1.165000000000000258e+00 1.566673636228225241e+01
1.175000000000000044e+00 1.314549281784664991e+01
1.185000000000000053e+00 1.095490569298788763e+01
1.195000000000000062e+00 9.067495330152349098e+00
1.205000000000000071e+00 7.454640365622770659e+00
1.215000000000000080e+00 6.087523386708503459e+00
1.225000000000000089e+00 4.937911013793186754e+00
1.235000000000000098e+00 3.978768912113693101e+00
1.245000000000000107e+00 3.184719601307387293e+00
1.255000000000000115e+00 2.532356462408384523e+00
1.265000000000000124e+00 2.000431083382927966e+00
1.275000000000000133e+00 1.569933183458130266e+00
1.285000000000000142e+00 1.224083035804696573e+00
1.294999999999999929e+00 9.482558330970972671e-01
1.305000000000000160e+00 7.298560918458897318e-01
1.314999999999999947e+00 5.581582422538559074e-01
1.325000000000000178e+00 4.241272489214579222e-01
1.334999999999999964e+00 3.202306660713579722e-01
1.345000000000000195e+00 2.402511190096510707e-01
1.354999999999999982e+00 1.791059477539847788e-01
1.365000000000000213e+00 1.326787343345798287e-01
1.375000000000000000e+00 9.766571086281039538e-02
1.385000000000000231e+00 7.143862935505987388e-02
1.395000000000000018e+00 5.192456122519732015e-02
1.405000000000000027e+00 3.750226217784578125e-02
1.415000000000000036e+00 2.691415403582144913e-02
1.425000000000000044e+00 1.919260031802311542e-02
1.435000000000000053e+00 1.359894717726407160e-02
1.445000000000000062e+00 9.573727208181613199e-03
1.455000000000000071e+00 6.696445847087344368e-03
1.465000000000000080e+00 4.653458594012672457e-03
1.475000000000000089e+00 3.212577342159170669e-03
1.485000000000000098e+00 2.203196179604635131e-03
1.495000000000000107e+00 1.500886448331879321e-03
1.505000000000000115e+00 1.015567156427291031e-03
1.514999999999999902e+00 6.825031219335689217e-04
1.525000000000000133e+00 4.555153767999050576e-04
1.534999999999999920e+00 3.019044133482855327e-04
1.545000000000000151e+00 1.986863979919857776e-04
1.554999999999999938e+00 1.298261423907649370e-04
1.565000000000000169e+00 8.421969874216795487e-05
1.574999999999999956e+00 5.423557146071181158e-05
1.585000000000000187e+00 3.466848002714395733e-05
1.594999999999999973e+00 2.199511452169883454e-05
1.605000000000000204e+00 1.384902729910551904e-05
1.615000000000000213e+00 8.653162646146335773e-06
1.625000000000000000e+00 5.364809271977925938e-06
1.635000000000000231e+00 3.300040735270374844e-06
1.645000000000000018e+00 2.013874105868322573e-06
1.655000000000000249e+00 1.219148218722326512e-06
1.665000000000000036e+00 7.320755640220112399e-07
1.675000000000000266e+00 4.360090649506699073e-07
1.685000000000000053e+00 2.575380207468828746e-07
1.695000000000000284e+00 1.508552821297410693e-07
1.705000000000000071e+00 8.762363255738278432e-08
1.715000000000000302e+00 5.046530900914587611e-08
1.725000000000000089e+00 2.881682512909329018e-08
1.735000000000000098e+00 1.631370388772472204e-08
1.745000000000000107e+00 9.155565740053423563e-09
1.755000000000000115e+00 5.093520347848834216e-09
1.765000000000000124e+00 2.808836043133997224e-09
1.775000000000000133e+00 1.535276418235040666e-09
1.785000000000000142e+00 8.317179567166710737e-10
1.795000000000000151e+00 4.465534188769377695e-10
1.805000000000000160e+00 2.376064201894082258e-10
1.815000000000000169e+00 1.252884123169374074e-10
1.825000000000000178e+00 6.546560054145030276e-11
1.835000000000000187e+00 3.389591650144041753e-11
1.844999999999999973e+00 1.738989363779672642e-11
1.855000000000000204e+00 8.839872115301042352e-12
1.864999999999999991e+00 4.452250092469610028e-12
1.875000000000000222e+00 2.221689719834538833e-12
1.885000000000000009e+00 1.098358331148691603e-12
1.895000000000000240e+00 5.379583864403473445e-13
1.905000000000000027e+00 2.610268422577361806e-13
1.915000000000000258e+00 1.254706074325196283e-13
1.925000000000000044e+00 5.974592089588741900e-14
1.935000000000000275e+00 2.818211571548690514e-14
1.945000000000000062e+00 1.316825363490896258e-14
1.955000000000000071e+00 6.094845629675223622e-15
1.965000000000000080e+00 2.794269788383859069e-15
1.975000000000000089e+00 1.268927083651427910e-15
1.985000000000000098e+00 5.707681621735594366e-16
1.995000000000000107e+00 2.542904145287493954e-16
