<simulation verbosity='medium' mode='static'>
   <step>13</step>
   <total_steps>20</total_steps>
   <output prefix=''>
      <trajectory filename='inst.pos' cell_units='angstrom'>positions{angstrom}</trajectory>
      <properties filename='inst.out' shape='(2)'> [ step, potential{electronvolt} ] </properties>
   </output>
   <ffsocket mode='unix' name='cbe'>
   </ffsocket>
   <system>
      <cell shape='(3, 3)'>
       [   2.00000000e+02,   1.22464680e-14,   1.22464680e-14,   0.00000000e+00,   2.00000000e+02, 
           1.22464680e-14,   0.00000000e+00,   0.00000000e+00,   2.00000000e+02 ]
      </cell>
      <motion mode='instanton'>
         <instanton>
            <opt>nichols</opt>
            <hessian_asr>poly</hessian_asr>
            <alt_out>-1</alt_out>
            <old_pot shape='(1)'> [   2.39084780e-02 ] </old_pot>
            <hessian shape='(18, 18)'>
             [   2.14845919e-03,  -3.52844642e-02,  -3.05061365e-02,   1.60408797e-02,   4.53192983e-02, 
                 3.91823907e-02,  -3.98107658e-03,  -4.93259322e-03,  -7.22903959e-03,   1.96952454e-03, 
                 5.49900681e-03,   4.86551355e-03,  -4.23106550e-03,  -8.36226088e-03,  -4.37769820e-03, 
                -1.19467380e-02,  -2.23897012e-03,  -1.93504657e-03,  -3.52844587e-02,  -1.09606546e-02, 
                -3.66957076e-02,   4.53055093e-02,   3.28604088e-02,   4.71189199e-02,  -4.13000190e-03, 
                -5.28175281e-03,  -8.05405742e-03,  -7.78753728e-03,  -5.21186427e-03,  -4.30463998e-03, 
                 4.12196943e-03,   1.35325084e-03,   4.24756341e-03,  -2.22549201e-03,  -1.27593713e-02, 
                -2.31208386e-03,  -3.05061365e-02,  -3.66957131e-02,  -2.42617038e-04,   3.91642163e-02, 
                 4.71113981e-02,   1.90908678e-02,   4.60393390e-03,   5.34475242e-03,   1.88131732e-03, 
                -7.10429493e-03,  -4.88531438e-03,  -4.14712709e-03,  -4.24041913e-03,  -8.57042770e-03, 
                -4.50641191e-03,  -1.91729410e-03,  -2.30468977e-03,  -1.20760513e-02,   1.60408853e-02, 
                 4.53055204e-02,   3.91642163e-02,   4.35974190e-01,  -1.33617017e-01,  -1.15536486e-01, 
                -1.27211314e-01,  -8.07427958e-02,   9.58378710e-02,  -1.55162566e-01,   1.12700588e-01, 
                 1.06124387e-01,  -1.44318879e-01,   9.09643694e-02,  -9.56732193e-02,  -2.53223442e-02, 
                -3.46106643e-02,  -2.99167580e-02,   4.53192872e-02,   3.28604144e-02,   4.71113759e-02, 
                -1.33616979e-01,   3.86281834e-01,  -1.39010015e-01,  -8.01393785e-02,  -1.33998473e-01, 
                 1.01927689e-01,   1.02729997e-01,  -1.29913802e-01,  -7.63333063e-02,   1.00331016e-01, 
                -1.17062060e-01,   1.02289199e-01,  -3.46239204e-02,  -3.81679188e-02,  -3.59849206e-02, 
                 3.91823851e-02,   4.71189254e-02,   1.90908733e-02,  -1.15536486e-01,  -1.39010020e-01, 
                 4.26855434e-01,   1.04715714e-01,   1.11982468e-01,  -1.47448476e-01,   9.71408010e-02, 
                -7.67684583e-02,  -1.23575128e-01,  -9.55681756e-02,   9.26692778e-02,  -1.47274792e-01, 
                -2.99342495e-02,  -3.59921815e-02,  -2.76479006e-02,  -3.98108768e-03,  -4.12998524e-03, 
                 4.60391725e-03,  -1.27211303e-01,  -8.01393729e-02,   1.04715686e-01,   1.26682853e-01, 
                 8.57915905e-02,  -1.06854880e-01,  -7.15183468e-03,  -1.23639321e-02,   1.05017273e-02, 
                 1.22369670e-02,   1.16325505e-02,  -1.23873301e-02,  -5.75628434e-04,  -7.90839616e-04, 
                -5.79147841e-04,  -4.93260432e-03,  -5.28176392e-03,   5.34475242e-03,  -8.07428013e-02, 
                -1.33998468e-01,   1.11982473e-01,   8.57915905e-02,   1.33985939e-01,  -1.13188892e-01, 
                 1.05363551e-02,   1.21650523e-02,  -1.17590215e-02,  -9.91640103e-03,  -6.08284534e-03, 
                 8.25210456e-03,  -7.36127825e-04,  -7.87947485e-04,  -6.31383834e-04,  -7.22903959e-03, 
                -8.05407963e-03,   1.88133953e-03,   9.58378821e-02,   1.01927689e-01,  -1.47448481e-01, 
                -1.06854892e-01,  -1.13188919e-01,   1.59696734e-01,   6.49976739e-03,   1.04973086e-02, 
                -6.71806499e-03,   1.15166154e-02,   8.53364046e-03,  -7.85951304e-03,   2.29638530e-04, 
                 2.84361423e-04,   4.48002746e-04,   1.96953565e-03,  -7.78753173e-03,  -7.10428938e-03, 
                -1.55162572e-01,   1.02729980e-01,   9.71408343e-02,  -7.15185133e-03,   1.05363385e-02, 
                 6.49977294e-03,   1.67891651e-01,  -1.13876591e-01,  -1.07986131e-01,  -8.00797206e-03, 
                 8.08046963e-03,   1.11802789e-02,   4.61208849e-04,   3.17351700e-04,   2.69551048e-04, 
                 5.49901791e-03,  -5.21184762e-03,  -4.88529772e-03,   1.12700604e-01,  -1.29913802e-01, 
                -7.67684749e-02,  -1.23639099e-02,   1.21650634e-02,   1.04972975e-02,  -1.13876586e-01, 
                 1.29651595e-01,   8.16736900e-02,   8.63187299e-03,  -5.91802163e-03,  -9.76722592e-03, 
                -5.90971716e-04,  -7.72959474e-04,  -7.50016715e-04,   4.86554130e-03,  -4.30463998e-03, 
                -4.14715484e-03,   1.06124382e-01,  -7.63333119e-02,  -1.23575133e-01,   1.05017328e-02, 
                -1.17590215e-02,  -6.71807054e-03,  -1.07986103e-01,   8.16737067e-02,   1.22818022e-01, 
                -1.29568467e-02,   1.15130572e-02,   1.22214183e-02,  -5.48727730e-04,  -7.89773802e-04, 
                -5.99131855e-04,  -4.23107105e-03,   4.12195833e-03,  -4.24040802e-03,  -1.44318879e-01, 
                 1.00331032e-01,  -9.55681756e-02,   1.22370114e-02,  -9.91640103e-03,   1.15166210e-02, 
                -8.00797761e-03,   8.63188410e-03,  -1.29568356e-02,   1.44942769e-01,  -1.02431386e-01, 
                 1.01985792e-01,  -6.21863672e-04,  -7.37093719e-04,  -7.36971595e-04,  -8.36224978e-03, 
                 1.35322864e-03,  -8.57039995e-03,   9.09643250e-02,  -1.17062066e-01,   9.26692556e-02, 
                 1.16325394e-02,  -6.08283979e-03,   8.53365156e-03,   8.08047518e-03,  -5.91803828e-03, 
                 1.15130738e-02,  -1.02431402e-01,   1.27334771e-01,  -1.04268022e-01,   1.16290311e-04, 
                 3.74938969e-04,   1.22452049e-04,  -4.37768710e-03,   4.24756896e-03,  -4.50643967e-03, 
                -9.56732249e-02,   1.02289188e-01,  -1.47274798e-01,  -1.23873356e-02,   8.25211566e-03, 
                -7.85950749e-03,   1.11802734e-02,  -9.76722592e-03,   1.22214461e-02,   1.01985786e-01, 
                -1.04268016e-01,   1.48086332e-01,  -7.27806704e-04,  -7.53647145e-04,  -6.67033095e-04, 
                -1.19467436e-02,  -2.22548091e-03,  -1.91727190e-03,  -2.53223331e-02,  -3.46239148e-02, 
                -2.99342495e-02,  -5.75633985e-04,  -7.36122274e-04,   2.29644082e-04,   4.61197747e-04, 
                -5.90977267e-04,  -5.48716628e-04,  -6.21852569e-04,   1.16284760e-04,  -7.27806704e-04, 
                 3.80053766e-02,   3.80602050e-02,   3.28983951e-02,  -2.23895902e-03,  -1.27593658e-02, 
                -2.30469532e-03,  -3.46106588e-02,  -3.81679188e-02,  -3.59921704e-02,  -7.90856269e-04, 
                -7.87964138e-04,   2.84350321e-04,   3.17346149e-04,  -7.72953923e-04,  -7.89779353e-04, 
                -7.37093719e-04,   3.74922315e-04,  -7.53647145e-04,   3.80602327e-02,   5.21132471e-02, 
                 3.95559474e-02,  -1.93506877e-03,  -2.31206720e-03,  -1.20760402e-02,  -2.99167691e-02, 
                -3.59849150e-02,  -2.76479006e-02,  -5.79142290e-04,  -6.31383834e-04,   4.48013848e-04, 
                 2.69567701e-04,  -7.50005613e-04,  -5.99142957e-04,  -7.36988248e-04,   1.22435395e-04, 
                -6.67033095e-04,   3.28983729e-02,   3.95559308e-02,   4.05421252e-02 ]
            </hessian>
            <tolerances>
               <energy>  5.00000000e-06</energy>
               <force>  5.00000000e-06</force>
            </tolerances>
            <old_force shape='(1, 18)'>
             [   1.27405309e-06,  -1.46255230e-07,  -8.46983594e-07,   3.16889293e-06,  -2.98849834e-07, 
                -2.33097430e-06,   6.07658368e-07,   1.53742574e-06,   1.79590787e-06,  -1.96790917e-06, 
                -1.96912486e-06,  -1.32803213e-06,  -3.83260090e-07,   4.63573624e-07,   6.84263757e-07, 
                -2.69941847e-06,   4.13236112e-07,   2.02581840e-06 ]
            </old_force>
            <biggest_step>  3.00000000e-01</biggest_step>
            <hessian_final>true</hessian_final>
         </instanton>
      </motion>
      <beads natoms='6' nbeads='1'>
         <q shape='(1, 18)'>
          [   2.52925727e+00,   3.07534349e+00,   2.62465346e+00,   1.13059538e+00,   1.39284531e+00, 
              1.16997860e+00,   3.44931597e-02,   2.40459864e-01,   2.47926976e+00,   2.48120148e+00, 
              2.66997149e-01,   9.66571544e-02,  -7.62374730e-02,   2.52528777e+00,  -5.67283496e-02, 
              3.40766584e+00,   4.13144576e+00,   3.53749368e+00 ]
         </q>
         <p shape='(1, 18)'>
          [   0.00000000e+00,   0.00000000e+00,   0.00000000e+00,   0.00000000e+00,   0.00000000e+00, 
              0.00000000e+00,   0.00000000e+00,   0.00000000e+00,   0.00000000e+00,   0.00000000e+00, 
              0.00000000e+00,   0.00000000e+00,   0.00000000e+00,   0.00000000e+00,   0.00000000e+00, 
              0.00000000e+00,   0.00000000e+00,   0.00000000e+00 ]
         </p>
         <m shape='(6)'>
          [   1.83736223e+03,   2.18941669e+04,   1.83736223e+03,   1.83736223e+03,   1.83736223e+03, 
              1.83736223e+03 ]
         </m>
         <names shape='(6)'>
          [ H, C, H, H, H, 
            H ]
         </names>
      </beads>
      <forces>
         <force forcefield='cbe'>
         </force>
      </forces>
      <ensemble>
         <stress shape='(3, 3)'>
          [  -1.00000000e+00,  -1.00000000e+00,  -1.00000000e+00,  -1.00000000e+00,  -1.00000000e+00, 
             -1.00000000e+00,  -1.00000000e+00,  -1.00000000e+00,  -1.00000000e+00 ]
         </stress>
         <temperature>  1.00000000e+00</temperature>
         <hamiltonian_weights shape='(1)'> [   1.00000000e+00 ] </hamiltonian_weights>
      </ensemble>
   </system>
</simulation>
