7.499999999999999722e-03 1.781625778434099421e-12
2.250000000000000264e-02 8.683965546055569114e-13
3.750000000000000555e-02 1.068932336414863342e-12
5.249999999999999806e-02 1.795957674940403640e-12
6.750000000000000444e-02 3.490491366560367076e-12
8.250000000000000389e-02 7.342371477819586066e-12
9.750000000000000333e-02 1.616948534368195827e-11
1.125000000000000028e-01 3.657750886626730753e-11
1.275000000000000022e-01 8.399210174317104135e-11
1.425000000000000155e-01 1.942406606606961800e-10
1.575000000000000011e-01 4.499080580931325275e-10
1.725000000000000144e-01 1.039564666516847281e-09
1.875000000000000000e-01 2.389042322973917218e-09
2.025000000000000133e-01 5.448093592992356077e-09
2.174999999999999989e-01 1.230648319276119323e-08
2.325000000000000122e-01 2.749609455376875039e-08
2.474999999999999978e-01 6.069508773504382267e-08
2.625000000000000111e-01 1.322422375693448554e-07
2.775000000000000244e-01 2.841712310250051023e-07
2.924999999999999822e-01 6.018635731482667728e-07
3.074999999999999956e-01 1.255692229353319864e-06
3.225000000000000089e-01 2.579470793785510264e-06
3.374999999999999667e-01 5.215124487324780218e-06
3.524999999999999800e-01 1.037370766975716705e-05
3.674999999999999933e-01 2.029585555744069385e-05
3.825000000000000067e-01 3.904545369920274902e-05
3.974999999999999645e-01 7.384539557172589664e-05
4.124999999999999778e-01 1.372709273324584814e-04
4.274999999999999911e-01 2.507603395248813455e-04
4.425000000000000044e-01 4.500869140333215107e-04
4.574999999999999623e-01 7.936542344531001374e-04
4.724999999999999756e-01 1.374709567134942741e-03
4.875000000000000444e-01 2.338776916600361026e-03
5.025000000000000577e-01 3.907725828085162854e-03
5.175000000000000711e-01 6.411817372167480204e-03
5.324999999999999734e-01 1.033068122353746586e-02
5.474999999999999867e-01 1.634333935942085606e-02
5.625000000000000000e-01 2.538597676164778064e-02
5.775000000000000133e-01 3.871409474145478397e-02
5.924999999999999156e-01 5.796300111598069738e-02
6.075000000000000400e-01 8.519748862257529864e-02
6.224999999999999423e-01 1.229384309547533610e-01
6.375000000000000666e-01 1.741515077002586676e-01
6.524999999999999689e-01 2.421821602521760375e-01
6.674999999999999822e-01 3.306220601807167703e-01
6.824999999999999956e-01 4.430966159125144244e-01
6.975000000000000089e-01 5.829707947252259492e-01
7.124999999999999112e-01 7.529816607444856924e-01
7.275000000000000355e-01 9.548196261900382398e-01
7.425000000000000488e-01 1.188694752969223778e+00
7.574999999999999512e-01 1.452937086998344007e+00
7.725000000000000755e-01 1.743688148325170717e+00
7.874999999999999778e-01 2.054741679651759245e+00
8.025000000000001021e-01 2.377583699933546235e+00
8.175000000000000044e-01 2.701664320332503699e+00
8.325000000000000178e-01 3.014907932720579886e+00
8.475000000000000311e-01 3.304437384742141326e+00
8.625000000000000444e-01 3.557456194707762087e+00
8.774999999999999467e-01 3.762206044190778975e+00
8.925000000000000711e-01 3.908899737250552064e+00
9.074999999999999734e-01 3.990526204103633567e+00
9.224999999999999867e-01 4.003435419466493173e+00
9.375000000000000000e-01 3.947636131048535724e+00
9.525000000000000133e-01 3.826774365938657940e+00
9.675000000000000266e-01 3.647800266475011988e+00
9.825000000000000400e-01 3.420368584460227179e+00
9.974999999999999423e-01 3.156048257136021551e+00
1.012499999999999956e+00 2.867434569499928809e+00
1.027499999999999858e+00 2.567261430553620549e+00
1.042499999999999982e+00 2.267601730371074709e+00
1.057499999999999885e+00 1.979223305186321502e+00
1.072500000000000009e+00 1.711140950309007147e+00
1.087500000000000133e+00 1.470376017403817182e+00
1.102500000000000036e+00 1.261908918416537073e+00
1.117499999999999938e+00 1.088789774343930761e+00
1.132499999999999840e+00 9.523604455581863304e-01
1.147499999999999964e+00 8.525376447921734213e-01
1.162500000000000089e+00 7.881107942414270484e-01
1.177499999999999991e+00 7.570178315445845740e-01
1.192499999999999893e+00 7.565749228763074541e-01
1.207500000000000018e+00 7.836496214770889424e-01
1.222499999999999920e+00 8.347793651060925191e-01
1.237500000000000044e+00 9.062468238530529963e-01
1.252500000000000169e+00 9.941295970960593031e-01
1.267500000000000071e+00 1.094343823607603960e+00
1.282499999999999973e+00 1.202699646068775108e+00
1.297499999999999876e+00 1.314981816208907972e+00
1.312500000000000000e+00 1.427062001846768124e+00
1.327500000000000124e+00 1.535041710835806539e+00
1.342500000000000027e+00 1.635417385203230323e+00
1.357499999999999929e+00 1.725253266357843707e+00
1.372500000000000053e+00 1.802343990820227004e+00
1.387499999999999956e+00 1.865348095321127664e+00
1.402500000000000080e+00 1.913875796441994126e+00
1.417499999999999982e+00 1.948519195529688552e+00
1.432500000000000107e+00 1.970819651045929266e+00
1.447500000000000009e+00 1.983174366617886930e+00
1.462499999999999911e+00 1.988691064777296402e+00
1.477499999999999813e+00 1.991004864801894758e+00
1.492500000000000160e+00 1.994074381736711921e+00
1.507500000000000062e+00 2.001974291981559517e+00
1.522499999999999964e+00 2.018699356623173458e+00
1.537499999999999867e+00 2.047990801994896248e+00
1.552499999999999991e+00 2.093190984551823952e+00
1.567500000000000115e+00 2.157127473266549078e+00
1.582500000000000018e+00 2.242024000295616215e+00
1.597499999999999920e+00 2.349433767485021196e+00
1.612500000000000044e+00 2.480190510113923441e+00
1.627499999999999947e+00 2.634374195477915404e+00
1.642499999999999849e+00 2.811290573698944861e+00
1.657499999999999973e+00 3.009466101128999149e+00
1.672500000000000098e+00 3.226661159402212764e+00
1.687500000000000000e+00 3.459904409268909298e+00
1.702499999999999902e+00 3.705549421019156853e+00
1.717500000000000027e+00 3.959351817586022726e+00
1.732500000000000151e+00 4.216561920319254142e+00
1.747500000000000053e+00 4.472025423086906315e+00
1.762499999999999956e+00 4.720284003399200401e+00
1.777500000000000080e+00 4.955669678034984926e+00
1.792499999999999982e+00 5.172391117400219507e+00
1.807499999999999885e+00 5.364616236245877801e+00
1.822500000000000009e+00 5.526561649608320970e+00
1.837500000000000133e+00 5.652604086019389129e+00
1.852500000000000036e+00 5.737429724939625331e+00
1.867499999999999938e+00 5.776233431871111712e+00
1.882499999999999840e+00 5.764970843081442808e+00
1.897500000000000187e+00 5.700653356203985389e+00
1.912500000000000089e+00 5.581661688624470763e+00
1.927499999999999991e+00 5.408040935649978564e+00
1.942499999999999893e+00 5.181732248572417099e+00
1.957500000000000018e+00 4.906695904215983894e+00
1.972500000000000142e+00 4.588888794448272357e+00
1.987500000000000044e+00 4.236075567047970836e+00
2.002499999999999947e+00 3.857474359784128115e+00
2.017500000000000071e+00 3.463261528295230818e+00
2.032500000000000195e+00 3.063980687543833792e+00
2.047499999999999876e+00 2.669915882471702862e+00
2.062500000000000000e+00 2.290494137265719932e+00
2.077500000000000124e+00 1.933778154119155879e+00
2.092499999999999805e+00 1.606096601869871021e+00
2.107499999999999929e+00 1.311839913159500215e+00
2.122500000000000053e+00 1.053427413968807347e+00
2.137500000000000178e+00 8.314307171756637471e-01
2.152499999999999858e+00 6.448217979070665073e-01
2.167499999999999982e+00 4.913040629025856587e-01
2.182500000000000107e+00 3.676816762605467082e-01
2.197499999999999787e+00 2.702257571296834970e-01
2.212500000000000355e+00 1.950042030681789496e-01
2.227500000000000036e+00 1.381527034711984570e-01
2.242500000000000160e+00 9.607586424981826023e-02
2.257499999999999840e+00 6.557751243091293480e-02
2.272499999999999964e+00 4.392703148815207959e-02
2.287500000000000089e+00 2.887349768543386389e-02
2.302499999999999769e+00 1.862152487610722190e-02
2.317499999999999893e+00 1.178256920272128562e-02
2.332500000000000018e+00 7.313695234942369644e-03
2.347500000000000142e+00 4.453190627668553517e-03
2.362500000000000266e+00 2.659565910288223724e-03
2.377499999999999947e+00 1.557846033458870974e-03
2.392500000000000071e+00 8.949184413287865304e-04
2.407499999999999751e+00 5.041500238650201788e-04
2.422499999999999876e+00 2.785011956539171218e-04
2.437500000000000000e+00 1.508550804459709888e-04
2.452500000000000124e+00 8.011874164167285986e-05
2.467500000000000249e+00 4.171826440088222002e-05
2.482499999999999929e+00 2.129677109296432893e-05
2.497500000000000053e+00 1.065798186127031576e-05
2.512500000000000178e+00 5.228641407189971883e-06
2.527499999999999858e+00 2.514403978899691126e-06
2.542499999999999982e+00 1.185205983785892306e-06
2.557499999999999662e+00 5.475780626860756121e-07
2.572500000000000231e+00 2.479551043471110636e-07
2.587500000000000355e+00 1.100415651838123540e-07
2.602500000000000036e+00 4.786075245575381430e-08
2.617500000000000160e+00 2.039971758671173720e-08
2.632499999999999840e+00 8.520672913439142819e-09
2.647499999999999964e+00 3.487485229761291360e-09
2.662499999999999645e+00 1.398696925251598347e-09
2.677500000000000213e+00 5.496572988525653600e-10
2.692500000000000338e+00 2.116421812653732837e-10
2.707500000000000018e+00 7.984345907204186624e-11
2.722500000000000142e+00 2.951132307264721931e-11
2.737499999999999822e+00 1.068650911563180573e-11
2.752499999999999947e+00 3.791113372635148303e-12
2.767500000000000071e+00 1.317551361826381100e-12
2.782499999999999751e+00 4.485641697287656930e-13
2.797500000000000320e+00 1.495975365920891354e-13
2.812500000000000000e+00 4.887130495265556875e-14
2.827500000000000124e+00 1.563867828404670957e-14
2.842500000000000249e+00 4.901736163685565004e-15
2.857499999999999929e+00 1.504842041248621112e-15
2.872500000000000053e+00 4.524915455432357507e-16
2.887499999999999734e+00 1.332588929343294567e-16
2.902499999999999858e+00 3.843579314100550834e-17
2.917500000000000426e+00 1.085718559038157313e-17
2.932500000000000107e+00 3.003505318559197906e-18
2.947500000000000231e+00 8.136869304656248236e-19
2.962499999999999911e+00 2.158699654584140696e-19
2.977500000000000036e+00 5.608171591369032744e-20
2.992499999999999716e+00 1.426700715524501997e-20
