<simulation verbosity='medium' mode='static'>
   <output prefix='min'>
      <properties shape='(2)'> [ step, potential{electronvolt} ] </properties>
      <trajectory filename='xc'>x_centroid{angstrom}</trajectory>
   </output>
   <step>18</step>
   <total_steps>400</total_steps>
   <ffsocket mode='unix' name='cbe'>
   </ffsocket>
   <system>
      <forces>
         <force forcefield='cbe'>
         </force>
      </forces>
      <ensemble>
         <temperature>  1.00000000e+00</temperature>
         <stress shape='(3, 3)'>
          [  -1.00000000e+00,  -1.00000000e+00,  -1.00000000e+00,  -1.00000000e+00,  -1.00000000e+00, 
             -1.00000000e+00,  -1.00000000e+00,  -1.00000000e+00,  -1.00000000e+00 ]
         </stress>
         <hamiltonian_weights shape='(1)'> [   1.00000000e+00 ] </hamiltonian_weights>
      </ensemble>
      <motion mode='vibrations'>
         <vibrations>
            <dynmat shape='(18, 18)'>
             [   1.10120967e-04,   6.20759411e-05,   5.30621285e-05,  -2.99889036e-05,  -1.63577448e-05, 
                -1.39825505e-05,   5.44177266e-06,   5.25852137e-06,   4.56335695e-06,  -6.27389660e-06, 
                -6.83802041e-06,  -3.58403450e-06,  -5.76526243e-06,  -4.02939813e-06,  -5.77359320e-06, 
                -2.83075227e-09,  -6.23886380e-10,  -5.35212940e-10,   6.20712191e-05,   7.02279167e-05, 
                 3.86807924e-05,  -1.63567000e-05,  -1.94775768e-05,  -1.01920276e-05,  -9.43139041e-06, 
                -5.16717746e-06,  -4.32873247e-06,   9.09995371e-06,   5.88989695e-06,   5.77732791e-06, 
                -5.27635259e-06,  -3.71488250e-06,  -4.94672652e-06,  -6.17994959e-10,   2.27801613e-10, 
                -1.03024337e-10,   5.30568810e-05,   3.86799295e-05,   5.80409927e-05,  -1.39813220e-05, 
                -1.01917950e-05,  -1.62663066e-05,  -8.77040394e-06,  -4.89506375e-06,  -4.10256580e-06, 
                -5.87826412e-06,  -5.82624091e-06,  -3.44200170e-06,   9.85540036e-06,   7.22323309e-06, 
                 5.65409298e-06,  -5.30227892e-10,  -1.03477523e-10,   2.59826773e-10,  -2.99892627e-05, 
                -1.63581848e-05,  -1.39829030e-05,   2.53917444e-05,   4.41672094e-10,   2.52351455e-10, 
                -1.48486149e-05,   1.18204933e-05,   1.10105047e-05,  -2.25432346e-05,   1.57280353e-05, 
                -1.31790305e-05,  -2.02687641e-05,  -1.11913510e-05,   1.61510009e-05,  -1.62450106e-09, 
                -5.17344205e-10,  -4.43125310e-10,  -1.63564478e-05,  -1.94779098e-05,  -1.01919764e-05, 
                -3.01805039e-10,   2.53891379e-05,  -2.39950662e-09,   1.18214302e-05,  -2.67081226e-05, 
                -1.78411970e-05,   1.57276459e-05,  -2.40535782e-05,   1.38274992e-05,  -1.11910732e-05, 
                -1.74029852e-05,   1.42140798e-05,  -5.13361941e-10,   9.24672902e-11,  -1.22749999e-10, 
                -1.39810604e-05,  -1.01917530e-05,  -1.62666518e-05,  -6.87837098e-10,  -2.72591802e-09, 
                 2.53899061e-05,   1.10110454e-05,  -1.78409203e-05,  -2.41729804e-05,  -1.31787004e-05, 
                 1.38267892e-05,  -1.91396033e-05,   1.61515297e-05,   1.42154166e-05,  -2.80660504e-05, 
                -4.39755702e-10,  -1.22837522e-10,   1.30539483e-10,   5.44171299e-06,  -9.43137696e-06, 
                -8.77045016e-06,  -1.48482669e-05,   1.18203178e-05,   1.10103398e-05,   5.26628369e-05, 
                -4.48567691e-05,  -4.17829022e-05,  -3.55989644e-06,   6.25258371e-06,   7.40155235e-06, 
                -3.28864076e-06,   7.23234425e-06,   5.14458280e-06,  -2.64207573e-10,  -1.46228091e-10, 
                -1.29460200e-10,   5.25837499e-06,  -5.16719437e-06,  -4.89507900e-06,   1.18216137e-05, 
                -2.67077758e-05,  -1.78411287e-05,  -4.48605926e-05,   9.76664537e-05,   6.77086927e-05, 
                 3.33359276e-06,  -6.09504394e-06,  -7.92697133e-06,  -4.53900439e-06,   5.79023012e-06, 
                 6.70044682e-06,  -2.08616729e-10,  -4.60739336e-11,  -7.49267904e-11,   4.56323308e-06, 
                -4.32872280e-06,  -4.10259179e-06,   1.10112586e-05,  -1.78407432e-05,  -2.41726587e-05, 
                -4.17856251e-05,   6.77074757e-05,   8.80453277e-05,  -4.80686238e-06,   7.44714802e-06, 
                 5.82843659e-06,   4.01892439e-06,  -9.24014325e-06,  -6.32789042e-06,  -1.86863790e-10, 
                -7.62863491e-11,  -2.74932981e-11,  -6.27388814e-06,   9.09988286e-06,  -5.87829811e-06, 
                -2.25429292e-05,   1.57275317e-05,  -1.31788699e-05,  -3.55992484e-06,   3.33358218e-06, 
                -4.80685875e-06,   8.18616247e-05,  -5.96843432e-05,   5.00122862e-05,   5.78984114e-06, 
                -7.04003376e-06,   6.16596713e-06,  -1.71304396e-10,  -3.21762225e-11,  -5.27206650e-11, 
                -6.83800983e-06,   5.88991478e-06,  -5.82642581e-06,   1.57279949e-05,  -2.40532469e-05, 
                 1.38274499e-05,   6.25263401e-06,  -6.09503941e-06,   7.44700633e-06,  -5.96848709e-05, 
                 8.75913205e-05,  -5.24736861e-05,   5.97766432e-06,  -4.35517015e-06,   3.12117697e-06, 
                 3.98803884e-11,   2.49252428e-11,   8.15735218e-12,  -3.58404024e-06,   5.77733471e-06, 
                -3.44201303e-06,  -1.31788155e-05,   1.38267651e-05,  -1.91392788e-05,   7.40171414e-06, 
                -7.92690290e-06,   5.82841786e-06,   5.00111985e-05,  -5.24717004e-05,   6.89439746e-05, 
                -8.33592961e-06,   6.89172978e-06,  -5.26217888e-06,  -8.74649428e-11,  -1.88827597e-11, 
                -1.22360283e-11,  -5.76524823e-06,  -5.27636165e-06,   9.85537226e-06,  -2.02684569e-05, 
                -1.11912227e-05,   1.61505211e-05,  -3.28866297e-06,  -4.53891662e-06,   4.01890808e-06, 
                 5.78983268e-06,   5.97760375e-06,  -8.33607478e-06,   7.32303248e-05,   4.24694820e-05, 
                -6.12892718e-05,  -1.72361830e-10,  -5.98205827e-11,  -2.28103737e-11,  -4.02940417e-06, 
                -3.71487435e-06,   7.22322735e-06,  -1.11912469e-05,  -1.74026397e-05,   1.42140581e-05, 
                 7.23244485e-06,   5.79019326e-06,  -9.24010563e-06,  -7.03983814e-06,  -4.35515021e-06, 
                 6.89171709e-06,   4.24687195e-05,   6.23532107e-05,  -5.39413049e-05,  -8.95798119e-11, 
                -1.60125802e-11,  -1.43508974e-11,  -5.77365680e-06,  -4.94690417e-06,   5.65413920e-06, 
                 1.61518327e-05,   1.42153435e-05,  -2.80657016e-05,   5.14461996e-06,   6.70033563e-06, 
                -6.32789571e-06,   6.16602000e-06,   3.12116715e-06,  -5.26219716e-06,  -6.12926522e-05, 
                -5.39455307e-05,   1.02817843e-04,   5.21164167e-11,   1.37466490e-11,   2.62848015e-11, 
                -2.83045014e-09,  -6.17692835e-10,  -5.30530016e-10,  -1.62450106e-09,  -5.13186896e-10, 
                -4.39755702e-10,  -2.63754387e-10,  -2.08616729e-10,  -1.86712728e-10,  -1.71757582e-10, 
                 4.01825126e-11,  -8.73138808e-11,  -1.72059706e-10,  -8.95798119e-11,   5.19653546e-11, 
                 9.04605038e-09,   2.64826928e-09,   2.27046302e-09,  -6.23886380e-10,   2.27952675e-10, 
                -1.03326461e-10,  -5.17256682e-10,   9.25548125e-11,  -1.22749999e-10,  -1.46681277e-10, 
                -4.62249957e-11,  -7.61352870e-11,  -3.20251604e-11,   2.47741807e-11,  -1.87316976e-11, 
                -5.92163344e-11,  -1.58615181e-11,   1.37466490e-11,   2.64811822e-09,  -5.10589822e-10, 
                 6.08024862e-10,  -5.35515064e-10,  -1.03326461e-10,   2.59524649e-10,  -4.43256594e-10, 
                -1.22749999e-10,   1.30408199e-10,  -1.29762325e-10,  -7.46246662e-11,  -2.73422360e-11, 
                -5.22674788e-11,   8.45947634e-12,  -1.26892145e-11,  -2.31124978e-11,  -1.48040836e-11, 
                 2.61337394e-11,   2.27091621e-09,   6.07722737e-10,  -6.96849363e-10 ]
            </dynmat>
            <refdynmat shape='(18, 18)'>
             [   1.10120967e-04,   6.20759411e-05,   5.30621285e-05,  -2.99889036e-05,  -1.63577448e-05, 
                -1.39825505e-05,   5.44177266e-06,   5.25852137e-06,   4.56335695e-06,  -6.27389660e-06, 
                -6.83802041e-06,  -3.58403450e-06,  -5.76526243e-06,  -4.02939813e-06,  -5.77359320e-06, 
                -2.83075227e-09,  -6.23886380e-10,  -5.35212940e-10,   6.20712191e-05,   7.02279167e-05, 
                 3.86807924e-05,  -1.63567000e-05,  -1.94775768e-05,  -1.01920276e-05,  -9.43139041e-06, 
                -5.16717746e-06,  -4.32873247e-06,   9.09995371e-06,   5.88989695e-06,   5.77732791e-06, 
                -5.27635259e-06,  -3.71488250e-06,  -4.94672652e-06,  -6.17994959e-10,   2.27801613e-10, 
                -1.03024337e-10,   5.30568810e-05,   3.86799295e-05,   5.80409927e-05,  -1.39813220e-05, 
                -1.01917950e-05,  -1.62663066e-05,  -8.77040394e-06,  -4.89506375e-06,  -4.10256580e-06, 
                -5.87826412e-06,  -5.82624091e-06,  -3.44200170e-06,   9.85540036e-06,   7.22323309e-06, 
                 5.65409298e-06,  -5.30227892e-10,  -1.03477523e-10,   2.59826773e-10,  -2.99892627e-05, 
                -1.63581848e-05,  -1.39829030e-05,   2.53917444e-05,   4.41672094e-10,   2.52351455e-10, 
                -1.48486149e-05,   1.18204933e-05,   1.10105047e-05,  -2.25432346e-05,   1.57280353e-05, 
                -1.31790305e-05,  -2.02687641e-05,  -1.11913510e-05,   1.61510009e-05,  -1.62450106e-09, 
                -5.17344205e-10,  -4.43125310e-10,  -1.63564478e-05,  -1.94779098e-05,  -1.01919764e-05, 
                -3.01805039e-10,   2.53891379e-05,  -2.39950662e-09,   1.18214302e-05,  -2.67081226e-05, 
                -1.78411970e-05,   1.57276459e-05,  -2.40535782e-05,   1.38274992e-05,  -1.11910732e-05, 
                -1.74029852e-05,   1.42140798e-05,  -5.13361941e-10,   9.24672902e-11,  -1.22749999e-10, 
                -1.39810604e-05,  -1.01917530e-05,  -1.62666518e-05,  -6.87837098e-10,  -2.72591802e-09, 
                 2.53899061e-05,   1.10110454e-05,  -1.78409203e-05,  -2.41729804e-05,  -1.31787004e-05, 
                 1.38267892e-05,  -1.91396033e-05,   1.61515297e-05,   1.42154166e-05,  -2.80660504e-05, 
                -4.39755702e-10,  -1.22837522e-10,   1.30539483e-10,   5.44171299e-06,  -9.43137696e-06, 
                -8.77045016e-06,  -1.48482669e-05,   1.18203178e-05,   1.10103398e-05,   5.26628369e-05, 
                -4.48567691e-05,  -4.17829022e-05,  -3.55989644e-06,   6.25258371e-06,   7.40155235e-06, 
                -3.28864076e-06,   7.23234425e-06,   5.14458280e-06,  -2.64207573e-10,  -1.46228091e-10, 
                -1.29460200e-10,   5.25837499e-06,  -5.16719437e-06,  -4.89507900e-06,   1.18216137e-05, 
                -2.67077758e-05,  -1.78411287e-05,  -4.48605926e-05,   9.76664537e-05,   6.77086927e-05, 
                 3.33359276e-06,  -6.09504394e-06,  -7.92697133e-06,  -4.53900439e-06,   5.79023012e-06, 
                 6.70044682e-06,  -2.08616729e-10,  -4.60739336e-11,  -7.49267904e-11,   4.56323308e-06, 
                -4.32872280e-06,  -4.10259179e-06,   1.10112586e-05,  -1.78407432e-05,  -2.41726587e-05, 
                -4.17856251e-05,   6.77074757e-05,   8.80453277e-05,  -4.80686238e-06,   7.44714802e-06, 
                 5.82843659e-06,   4.01892439e-06,  -9.24014325e-06,  -6.32789042e-06,  -1.86863790e-10, 
                -7.62863491e-11,  -2.74932981e-11,  -6.27388814e-06,   9.09988286e-06,  -5.87829811e-06, 
                -2.25429292e-05,   1.57275317e-05,  -1.31788699e-05,  -3.55992484e-06,   3.33358218e-06, 
                -4.80685875e-06,   8.18616247e-05,  -5.96843432e-05,   5.00122862e-05,   5.78984114e-06, 
                -7.04003376e-06,   6.16596713e-06,  -1.71304396e-10,  -3.21762225e-11,  -5.27206650e-11, 
                -6.83800983e-06,   5.88991478e-06,  -5.82642581e-06,   1.57279949e-05,  -2.40532469e-05, 
                 1.38274499e-05,   6.25263401e-06,  -6.09503941e-06,   7.44700633e-06,  -5.96848709e-05, 
                 8.75913205e-05,  -5.24736861e-05,   5.97766432e-06,  -4.35517015e-06,   3.12117697e-06, 
                 3.98803884e-11,   2.49252428e-11,   8.15735218e-12,  -3.58404024e-06,   5.77733471e-06, 
                -3.44201303e-06,  -1.31788155e-05,   1.38267651e-05,  -1.91392788e-05,   7.40171414e-06, 
                -7.92690290e-06,   5.82841786e-06,   5.00111985e-05,  -5.24717004e-05,   6.89439746e-05, 
                -8.33592961e-06,   6.89172978e-06,  -5.26217888e-06,  -8.74649428e-11,  -1.88827597e-11, 
                -1.22360283e-11,  -5.76524823e-06,  -5.27636165e-06,   9.85537226e-06,  -2.02684569e-05, 
                -1.11912227e-05,   1.61505211e-05,  -3.28866297e-06,  -4.53891662e-06,   4.01890808e-06, 
                 5.78983268e-06,   5.97760375e-06,  -8.33607478e-06,   7.32303248e-05,   4.24694820e-05, 
                -6.12892718e-05,  -1.72361830e-10,  -5.98205827e-11,  -2.28103737e-11,  -4.02940417e-06, 
                -3.71487435e-06,   7.22322735e-06,  -1.11912469e-05,  -1.74026397e-05,   1.42140581e-05, 
                 7.23244485e-06,   5.79019326e-06,  -9.24010563e-06,  -7.03983814e-06,  -4.35515021e-06, 
                 6.89171709e-06,   4.24687195e-05,   6.23532107e-05,  -5.39413049e-05,  -8.95798119e-11, 
                -1.60125802e-11,  -1.43508974e-11,  -5.77365680e-06,  -4.94690417e-06,   5.65413920e-06, 
                 1.61518327e-05,   1.42153435e-05,  -2.80657016e-05,   5.14461996e-06,   6.70033563e-06, 
                -6.32789571e-06,   6.16602000e-06,   3.12116715e-06,  -5.26219716e-06,  -6.12926522e-05, 
                -5.39455307e-05,   1.02817843e-04,   5.21164167e-11,   1.37466490e-11,   2.62848015e-11, 
                -2.83045014e-09,  -6.17692835e-10,  -5.30530016e-10,  -1.62450106e-09,  -5.13186896e-10, 
                -4.39755702e-10,  -2.63754387e-10,  -2.08616729e-10,  -1.86712728e-10,  -1.71757582e-10, 
                 4.01825126e-11,  -8.73138808e-11,  -1.72059706e-10,  -8.95798119e-11,   5.19653546e-11, 
                 9.04605038e-09,   2.64826928e-09,   2.27046302e-09,  -6.23886380e-10,   2.27952675e-10, 
                -1.03326461e-10,  -5.17256682e-10,   9.25548125e-11,  -1.22749999e-10,  -1.46681277e-10, 
                -4.62249957e-11,  -7.61352870e-11,  -3.20251604e-11,   2.47741807e-11,  -1.87316976e-11, 
                -5.92163344e-11,  -1.58615181e-11,   1.37466490e-11,   2.64811822e-09,  -5.10589822e-10, 
                 6.08024862e-10,  -5.35515064e-10,  -1.03326461e-10,   2.59524649e-10,  -4.43256594e-10, 
                -1.22749999e-10,   1.30408199e-10,  -1.29762325e-10,  -7.46246662e-11,  -2.73422360e-11, 
                -5.22674788e-11,   8.45947634e-12,  -1.26892145e-11,  -2.31124978e-11,  -1.48040836e-11, 
                 2.61337394e-11,   2.27091621e-09,   6.07722737e-10,  -6.96849363e-10 ]
            </refdynmat>
         </vibrations>
      </motion>
      <beads natoms='6' nbeads='1'>
         <q shape='(1, 18)'>
          [   3.08193540e+00,   2.57507306e+00,   2.17658652e+00,   1.59671462e+00,   1.49232426e+00, 
              1.25105915e+00,   2.44371820e+00,   1.19951309e-01,  -2.72755506e-02,   3.82775360e-01, 
              2.76593540e+00,   1.83825185e-01,   4.78669511e-01,   5.08336321e-01,   2.67107115e+00, 
              1.10153835e+01,   4.11837458e+00,   3.50096326e+00 ]
         </q>
         <p shape='(1, 18)'>
          [   0.00000000e+00,   0.00000000e+00,   0.00000000e+00,   0.00000000e+00,   0.00000000e+00, 
              0.00000000e+00,   0.00000000e+00,   0.00000000e+00,   0.00000000e+00,   0.00000000e+00, 
              0.00000000e+00,   0.00000000e+00,   0.00000000e+00,   0.00000000e+00,   0.00000000e+00, 
              0.00000000e+00,   0.00000000e+00,   0.00000000e+00 ]
         </p>
         <m shape='(6)'>
          [   1.83736223e+03,   2.18941669e+04,   1.83736223e+03,   1.83736223e+03,   1.83736223e+03, 
              1.83736223e+03 ]
         </m>
         <names shape='(6)'>
          [ H, C, H, H, H, 
            H ]
         </names>
      </beads>
      <cell shape='(3, 3)'>
       [   2.00000000e+02,   1.22464680e-14,   1.22464680e-14,   0.00000000e+00,   2.00000000e+02, 
           1.22464680e-14,   0.00000000e+00,   0.00000000e+00,   2.00000000e+02 ]
      </cell>
   </system>
</simulation>
