<simulation verbosity='medium' mode='static'>
   <step>18</step>
   <total_steps>400</total_steps>
   <output prefix=''>
      <properties filename='min.out' shape='(2)'> [ step, potential{electronvolt} ] </properties>
      <trajectory filename='min.xc'>x_centroid{angstrom}</trajectory>
   </output>
   <ffsocket mode='unix' name='aims'>
   </ffsocket>
   <system>
      <cell shape='(3, 3)'>
       [   2.00000000e+02,   1.22464680e-14,   1.22464680e-14,   0.00000000e+00,   2.00000000e+02, 
           1.22464680e-14,   0.00000000e+00,   0.00000000e+00,   2.00000000e+02 ]
      </cell>
      <motion mode='vibrations'>
         <vibrations>
            <prefix>phonons</prefix>
            <dynmat shape='(18, 18)'>
             [   1.10120038e-04,   6.20762069e-05,   5.30636235e-05,  -2.99886875e-05,  -1.63577963e-05, 
                -1.39830105e-05,   5.44214956e-06,   5.25883075e-06,   4.56373431e-06,  -6.27395476e-06, 
                -6.83810500e-06,  -3.58420293e-06,  -5.76539778e-06,  -4.02971174e-06,  -5.77370907e-06, 
                -2.83090333e-09,  -6.23886380e-10,  -5.35364002e-10,   6.20714857e-05,   7.02291504e-05, 
                 3.86838017e-05,  -1.63565979e-05,  -1.94779753e-05,  -1.01930765e-05,  -9.43206475e-06, 
                -5.16703576e-06,  -4.32863217e-06,   9.09983286e-06,   5.88992641e-06,   5.77738441e-06, 
                -5.27617494e-06,  -3.71491241e-06,  -4.94627198e-06,  -6.18146021e-10,   2.27952675e-10, 
                -1.03326461e-10,   5.30583768e-05,   3.86829384e-05,   5.80429788e-05,  -1.39816324e-05, 
                -1.01928303e-05,  -1.62668020e-05,  -8.77103522e-06,  -4.89481449e-06,  -4.10250266e-06, 
                -5.87780126e-06,  -5.82580706e-06,  -3.44217678e-06,   9.85514431e-06,   7.22311496e-06, 
                 5.65392893e-06,  -5.29925768e-10,  -1.03175399e-10,   2.59675711e-10,  -2.99890467e-05, 
                -1.63580830e-05,  -1.39832131e-05,   2.53913730e-05,  -1.03794210e-09,  -7.71468292e-10, 
                -1.48496843e-05,   1.18251080e-05,   1.10146882e-05,  -2.25421742e-05,   1.57264144e-05, 
                -1.31771464e-05,  -2.02676888e-05,  -1.11893392e-05,   1.61487778e-05,  -1.62454482e-09, 
                -5.17300443e-10,  -4.43300355e-10,  -1.63564993e-05,  -1.94783083e-05,  -1.01930116e-05, 
                -1.78144458e-09,   2.53900738e-05,   2.03474683e-09,   1.18260303e-05,  -2.67141001e-05, 
                -1.78485518e-05,   1.57259504e-05,  -2.40520016e-05,   1.38244066e-05,  -1.11888184e-05, 
                -1.74014166e-05,   1.42102556e-05,  -5.13274419e-10,   9.25110513e-11,  -1.22749999e-10, 
                -1.39815205e-05,  -1.01928020e-05,  -1.62671471e-05,  -1.71168220e-09,   1.70838614e-09, 
                 2.53900270e-05,   1.10152256e-05,  -1.78482921e-05,  -2.41778240e-05,  -1.31765684e-05, 
                 1.38235017e-05,  -1.91376830e-05,   1.61492115e-05,   1.42118177e-05,  -2.80630493e-05, 
                -4.39886986e-10,  -1.22793761e-10,   1.30539483e-10,   5.44208929e-06,  -9.43205100e-06, 
                -8.77108084e-06,  -1.48493363e-05,   1.18249176e-05,   1.10145199e-05,   5.26662227e-05, 
                -4.48722783e-05,  -4.17970648e-05,  -3.55991426e-06,   6.25254232e-06,   7.40200327e-06, 
                -3.28869242e-06,   7.23269123e-06,   5.14449639e-06,  -2.64056511e-10,  -1.46530215e-10, 
                -1.29158076e-10,   5.25868512e-06,  -5.16705162e-06,  -4.89482915e-06,   1.18262285e-05, 
                -2.67137535e-05,  -1.78485008e-05,  -4.48761021e-05,   9.76863161e-05,   6.77334465e-05, 
                 3.33312477e-06,  -6.09497747e-06,  -7.92683946e-06,  -4.53926633e-06,   5.79079298e-06, 
                 6.70075861e-06,  -2.08616729e-10,  -4.62249957e-11,  -7.47757283e-11,   4.56361028e-06, 
                -4.32862250e-06,  -4.10252774e-06,   1.10154422e-05,  -1.78480980e-05,  -2.41775023e-05, 
                -4.17997880e-05,   6.77322289e-05,   8.80614211e-05,  -4.80714365e-06,   7.44757221e-06, 
                 5.82894008e-06,   4.01854976e-06,  -9.24003176e-06,  -6.32783120e-06,  -1.86712728e-10, 
                -7.58331629e-11,  -2.74932981e-11,  -6.27394691e-06,   9.09976111e-06,  -5.87783465e-06, 
                -2.25418689e-05,   1.57258366e-05,  -1.31767380e-05,  -3.55994266e-06,   3.33311419e-06, 
                -4.80714033e-06,   8.18590007e-05,  -5.96783888e-05,   5.00050011e-05,   5.78888084e-06, 
                -7.03954598e-06,   6.16571017e-06,  -1.71304396e-10,  -3.24783466e-11,  -5.24185409e-11, 
                -6.83809518e-06,   5.88994484e-06,  -5.82599226e-06,   1.57263742e-05,  -2.40516704e-05, 
                 1.38241626e-05,   6.25259338e-06,  -6.09497294e-06,   7.44743006e-06,  -5.96789153e-05, 
                 8.75857549e-05,  -5.24639322e-05,   5.97743063e-06,  -4.35514296e-06,   3.12191370e-06, 
                 4.01825126e-11,   2.49252428e-11,   8.15735218e-12,  -3.58420943e-06,   5.77739166e-06, 
                -3.44218992e-06,  -1.31769312e-05,   1.38236723e-05,  -1.91373585e-05,   7.40216400e-06, 
                -7.92677118e-06,   5.82892135e-06,   5.00039134e-05,  -5.24619460e-05,   6.89370892e-05, 
                -8.33543005e-06,   6.89246348e-06,  -5.26225019e-06,  -8.74649428e-11,  -1.88827597e-11, 
                -1.25381524e-11,  -5.76538343e-06,  -5.27618445e-06,   9.85511515e-06,  -2.02673812e-05, 
                -1.11889681e-05,   1.61482032e-05,  -3.28871554e-06,  -4.53917932e-06,   4.01853314e-06, 
                 5.78887223e-06,   5.97737021e-06,  -8.33557537e-06,   7.32277591e-05,   4.24620185e-05, 
                -6.12811384e-05,  -1.71908644e-10,  -5.96695206e-11,  -2.37167462e-11,  -4.02971823e-06, 
                -3.71490471e-06,   7.22310907e-06,  -1.11892351e-05,  -1.74010710e-05,   1.42104595e-05, 
                 7.23279109e-06,   5.79075688e-06,  -9.23999460e-06,  -7.03935096e-06,  -4.35512302e-06, 
                 6.89245034e-06,   4.24612553e-05,   6.23472356e-05,  -5.39296083e-05,  -8.92776878e-11, 
                -1.58615181e-11,  -1.45019594e-11,  -5.77377206e-06,  -4.94644887e-06,   5.65397500e-06, 
                 1.61496095e-05,   1.42115193e-05,  -2.80627003e-05,   5.14453355e-06,   6.70064743e-06, 
                -6.32783558e-06,   6.16576244e-06,   3.12190433e-06,  -5.26226816e-06,  -6.12845183e-05, 
                -5.39338332e-05,   1.02807660e-04,   5.25696029e-11,   1.35955870e-11,   2.61337394e-11, 
                -2.83090333e-09,  -6.17843897e-10,  -5.30378954e-10,  -1.62454482e-09,  -5.13274419e-10, 
                -4.39755702e-10,  -2.64207573e-10,  -2.08918853e-10,  -1.86712728e-10,  -1.71455458e-10, 
                 4.00314505e-11,  -8.73138808e-11,  -1.72512892e-10,  -8.94287498e-11,   5.21164167e-11, 
                 9.04650357e-09,   2.64766503e-09,   2.27091621e-09,  -6.23886380e-10,   2.27952675e-10, 
                -1.02873275e-10,  -5.17300443e-10,   9.24672902e-11,  -1.22749999e-10,  -1.46228091e-10, 
                -4.57718095e-11,  -7.62863491e-11,  -3.21762225e-11,   2.47741807e-11,  -1.88827597e-11, 
                -5.93673964e-11,  -1.58615181e-11,   1.35955870e-11,   2.64796716e-09,  -5.10438760e-10, 
                 6.08326986e-10,  -5.35515064e-10,  -1.03326461e-10,   2.59826773e-10,  -4.43300355e-10, 
                -1.22749999e-10,   1.30495721e-10,  -1.29007014e-10,  -7.50778525e-11,  -2.73422360e-11, 
                -5.25696029e-11,   8.00629010e-12,  -1.26892145e-11,  -2.32635599e-11,  -1.46530215e-11, 
                 2.64358635e-11,   2.27061409e-09,   6.08024862e-10,  -6.96698301e-10 ]
            </dynmat>
            <refdynmat shape='(18, 18)'>
             [   1.10120038e-04,   6.20762069e-05,   5.30636235e-05,  -2.99886875e-05,  -1.63577963e-05, 
                -1.39830105e-05,   5.44214956e-06,   5.25883075e-06,   4.56373431e-06,  -6.27395476e-06, 
                -6.83810500e-06,  -3.58420293e-06,  -5.76539778e-06,  -4.02971174e-06,  -5.77370907e-06, 
                -2.83090333e-09,  -6.23886380e-10,  -5.35364002e-10,   6.20714857e-05,   7.02291504e-05, 
                 3.86838017e-05,  -1.63565979e-05,  -1.94779753e-05,  -1.01930765e-05,  -9.43206475e-06, 
                -5.16703576e-06,  -4.32863217e-06,   9.09983286e-06,   5.88992641e-06,   5.77738441e-06, 
                -5.27617494e-06,  -3.71491241e-06,  -4.94627198e-06,  -6.18146021e-10,   2.27952675e-10, 
                -1.03326461e-10,   5.30583768e-05,   3.86829384e-05,   5.80429788e-05,  -1.39816324e-05, 
                -1.01928303e-05,  -1.62668020e-05,  -8.77103522e-06,  -4.89481449e-06,  -4.10250266e-06, 
                -5.87780126e-06,  -5.82580706e-06,  -3.44217678e-06,   9.85514431e-06,   7.22311496e-06, 
                 5.65392893e-06,  -5.29925768e-10,  -1.03175399e-10,   2.59675711e-10,  -2.99890467e-05, 
                -1.63580830e-05,  -1.39832131e-05,   2.53913730e-05,  -1.03794210e-09,  -7.71468292e-10, 
                -1.48496843e-05,   1.18251080e-05,   1.10146882e-05,  -2.25421742e-05,   1.57264144e-05, 
                -1.31771464e-05,  -2.02676888e-05,  -1.11893392e-05,   1.61487778e-05,  -1.62454482e-09, 
                -5.17300443e-10,  -4.43300355e-10,  -1.63564993e-05,  -1.94783083e-05,  -1.01930116e-05, 
                -1.78144458e-09,   2.53900738e-05,   2.03474683e-09,   1.18260303e-05,  -2.67141001e-05, 
                -1.78485518e-05,   1.57259504e-05,  -2.40520016e-05,   1.38244066e-05,  -1.11888184e-05, 
                -1.74014166e-05,   1.42102556e-05,  -5.13274419e-10,   9.25110513e-11,  -1.22749999e-10, 
                -1.39815205e-05,  -1.01928020e-05,  -1.62671471e-05,  -1.71168220e-09,   1.70838614e-09, 
                 2.53900270e-05,   1.10152256e-05,  -1.78482921e-05,  -2.41778240e-05,  -1.31765684e-05, 
                 1.38235017e-05,  -1.91376830e-05,   1.61492115e-05,   1.42118177e-05,  -2.80630493e-05, 
                -4.39886986e-10,  -1.22793761e-10,   1.30539483e-10,   5.44208929e-06,  -9.43205100e-06, 
                -8.77108084e-06,  -1.48493363e-05,   1.18249176e-05,   1.10145199e-05,   5.26662227e-05, 
                -4.48722783e-05,  -4.17970648e-05,  -3.55991426e-06,   6.25254232e-06,   7.40200327e-06, 
                -3.28869242e-06,   7.23269123e-06,   5.14449639e-06,  -2.64056511e-10,  -1.46530215e-10, 
                -1.29158076e-10,   5.25868512e-06,  -5.16705162e-06,  -4.89482915e-06,   1.18262285e-05, 
                -2.67137535e-05,  -1.78485008e-05,  -4.48761021e-05,   9.76863161e-05,   6.77334465e-05, 
                 3.33312477e-06,  -6.09497747e-06,  -7.92683946e-06,  -4.53926633e-06,   5.79079298e-06, 
                 6.70075861e-06,  -2.08616729e-10,  -4.62249957e-11,  -7.47757283e-11,   4.56361028e-06, 
                -4.32862250e-06,  -4.10252774e-06,   1.10154422e-05,  -1.78480980e-05,  -2.41775023e-05, 
                -4.17997880e-05,   6.77322289e-05,   8.80614211e-05,  -4.80714365e-06,   7.44757221e-06, 
                 5.82894008e-06,   4.01854976e-06,  -9.24003176e-06,  -6.32783120e-06,  -1.86712728e-10, 
                -7.58331629e-11,  -2.74932981e-11,  -6.27394691e-06,   9.09976111e-06,  -5.87783465e-06, 
                -2.25418689e-05,   1.57258366e-05,  -1.31767380e-05,  -3.55994266e-06,   3.33311419e-06, 
                -4.80714033e-06,   8.18590007e-05,  -5.96783888e-05,   5.00050011e-05,   5.78888084e-06, 
                -7.03954598e-06,   6.16571017e-06,  -1.71304396e-10,  -3.24783466e-11,  -5.24185409e-11, 
                -6.83809518e-06,   5.88994484e-06,  -5.82599226e-06,   1.57263742e-05,  -2.40516704e-05, 
                 1.38241626e-05,   6.25259338e-06,  -6.09497294e-06,   7.44743006e-06,  -5.96789153e-05, 
                 8.75857549e-05,  -5.24639322e-05,   5.97743063e-06,  -4.35514296e-06,   3.12191370e-06, 
                 4.01825126e-11,   2.49252428e-11,   8.15735218e-12,  -3.58420943e-06,   5.77739166e-06, 
                -3.44218992e-06,  -1.31769312e-05,   1.38236723e-05,  -1.91373585e-05,   7.40216400e-06, 
                -7.92677118e-06,   5.82892135e-06,   5.00039134e-05,  -5.24619460e-05,   6.89370892e-05, 
                -8.33543005e-06,   6.89246348e-06,  -5.26225019e-06,  -8.74649428e-11,  -1.88827597e-11, 
                -1.25381524e-11,  -5.76538343e-06,  -5.27618445e-06,   9.85511515e-06,  -2.02673812e-05, 
                -1.11889681e-05,   1.61482032e-05,  -3.28871554e-06,  -4.53917932e-06,   4.01853314e-06, 
                 5.78887223e-06,   5.97737021e-06,  -8.33557537e-06,   7.32277591e-05,   4.24620185e-05, 
                -6.12811384e-05,  -1.71908644e-10,  -5.96695206e-11,  -2.37167462e-11,  -4.02971823e-06, 
                -3.71490471e-06,   7.22310907e-06,  -1.11892351e-05,  -1.74010710e-05,   1.42104595e-05, 
                 7.23279109e-06,   5.79075688e-06,  -9.23999460e-06,  -7.03935096e-06,  -4.35512302e-06, 
                 6.89245034e-06,   4.24612553e-05,   6.23472356e-05,  -5.39296083e-05,  -8.92776878e-11, 
                -1.58615181e-11,  -1.45019594e-11,  -5.77377206e-06,  -4.94644887e-06,   5.65397500e-06, 
                 1.61496095e-05,   1.42115193e-05,  -2.80627003e-05,   5.14453355e-06,   6.70064743e-06, 
                -6.32783558e-06,   6.16576244e-06,   3.12190433e-06,  -5.26226816e-06,  -6.12845183e-05, 
                -5.39338332e-05,   1.02807660e-04,   5.25696029e-11,   1.35955870e-11,   2.61337394e-11, 
                -2.83090333e-09,  -6.17843897e-10,  -5.30378954e-10,  -1.62454482e-09,  -5.13274419e-10, 
                -4.39755702e-10,  -2.64207573e-10,  -2.08918853e-10,  -1.86712728e-10,  -1.71455458e-10, 
                 4.00314505e-11,  -8.73138808e-11,  -1.72512892e-10,  -8.94287498e-11,   5.21164167e-11, 
                 9.04650357e-09,   2.64766503e-09,   2.27091621e-09,  -6.23886380e-10,   2.27952675e-10, 
                -1.02873275e-10,  -5.17300443e-10,   9.24672902e-11,  -1.22749999e-10,  -1.46228091e-10, 
                -4.57718095e-11,  -7.62863491e-11,  -3.21762225e-11,   2.47741807e-11,  -1.88827597e-11, 
                -5.93673964e-11,  -1.58615181e-11,   1.35955870e-11,   2.64796716e-09,  -5.10438760e-10, 
                 6.08326986e-10,  -5.35515064e-10,  -1.03326461e-10,   2.59826773e-10,  -4.43300355e-10, 
                -1.22749999e-10,   1.30495721e-10,  -1.29007014e-10,  -7.50778525e-11,  -2.73422360e-11, 
                -5.25696029e-11,   8.00629010e-12,  -1.26892145e-11,  -2.32635599e-11,  -1.46530215e-11, 
                 2.64358635e-11,   2.27061409e-09,   6.08024862e-10,  -6.96698301e-10 ]
            </refdynmat>
         </vibrations>
      </motion>
      <beads natoms='6' nbeads='1'>
         <q shape='(1, 18)'>
          [   3.08195430e+00,   2.57505417e+00,   2.17658652e+00,   1.59676375e+00,   1.49229969e+00, 
              1.25102891e+00,   2.44371820e+00,   1.19985513e-01,  -2.72464489e-02,   3.82756463e-01, 
              2.76593540e+00,   1.83830665e-01,   4.78648724e-01,   5.08340100e-01,   2.67107115e+00, 
              1.10153457e+01,   4.11835568e+00,   3.50096326e+00 ]
         </q>
         <p shape='(1, 18)'>
          [   0.00000000e+00,   0.00000000e+00,   0.00000000e+00,   0.00000000e+00,   0.00000000e+00, 
              0.00000000e+00,   0.00000000e+00,   0.00000000e+00,   0.00000000e+00,   0.00000000e+00, 
              0.00000000e+00,   0.00000000e+00,   0.00000000e+00,   0.00000000e+00,   0.00000000e+00, 
              0.00000000e+00,   0.00000000e+00,   0.00000000e+00 ]
         </p>
         <m shape='(6)'>
          [   1.83736223e+03,   2.18941669e+04,   1.83736223e+03,   1.83736223e+03,   1.83736223e+03, 
              1.83736223e+03 ]
         </m>
         <names shape='(6)'>
          [ H, C, H, H, H, 
            H ]
         </names>
      </beads>
      <forces>
         <force forcefield='aims'>
         </force>
      </forces>
      <ensemble>
         <stress shape='(3, 3)'>
          [  -1.00000000e+00,  -1.00000000e+00,  -1.00000000e+00,  -1.00000000e+00,  -1.00000000e+00, 
             -1.00000000e+00,  -1.00000000e+00,  -1.00000000e+00,  -1.00000000e+00 ]
         </stress>
         <temperature>  1.00000000e+00</temperature>
         <hamiltonian_weights shape='(1)'> [   1.00000000e+00 ] </hamiltonian_weights>
      </ensemble>
   </system>
</simulation>
