9.448630500000001001e-03 0.000000000000000000e+00
2.834589150000000474e-02 0.000000000000000000e+00
4.724315250000000327e-02 0.000000000000000000e+00
6.614041350000000874e-02 0.000000000000000000e+00
8.503767450000000727e-02 0.000000000000000000e+00
1.039349355000000058e-01 0.000000000000000000e+00
1.228321965000000182e-01 0.000000000000000000e+00
1.417294575000000167e-01 0.000000000000000000e+00
1.606267185000000153e-01 0.000000000000000000e+00
1.795239795000000138e-01 0.000000000000000000e+00
1.984212405000000123e-01 0.000000000000000000e+00
2.173185015000000109e-01 0.000000000000000000e+00
2.362157625000000372e-01 0.000000000000000000e+00
2.551130235000000357e-01 0.000000000000000000e+00
2.740102845000000342e-01 0.000000000000000000e+00
2.929075455000000328e-01 0.000000000000000000e+00
3.118048065000000313e-01 0.000000000000000000e+00
3.307020675000000298e-01 0.000000000000000000e+00
3.495993285000000284e-01 0.000000000000000000e+00
3.684965895000000269e-01 0.000000000000000000e+00
3.873938505000000254e-01 0.000000000000000000e+00
4.062911115000000239e-01 0.000000000000000000e+00
4.251883725000000225e-01 0.000000000000000000e+00
4.440856335000000210e-01 0.000000000000000000e+00
4.629828945000000751e-01 0.000000000000000000e+00
4.818801555000000736e-01 0.000000000000000000e+00
5.007774165000000721e-01 0.000000000000000000e+00
5.196746775000000707e-01 0.000000000000000000e+00
5.385719385000000692e-01 0.000000000000000000e+00
5.574691995000000677e-01 0.000000000000000000e+00
5.763664605000000662e-01 0.000000000000000000e+00
5.952637215000000648e-01 0.000000000000000000e+00
6.141609825000000633e-01 0.000000000000000000e+00
6.330582435000000618e-01 0.000000000000000000e+00
6.519555045000000604e-01 0.000000000000000000e+00
6.708527655000000589e-01 0.000000000000000000e+00
6.897500265000000574e-01 0.000000000000000000e+00
7.086472875000000560e-01 0.000000000000000000e+00
7.275445485000000545e-01 0.000000000000000000e+00
7.464418095000000530e-01 0.000000000000000000e+00
7.653390705000000516e-01 0.000000000000000000e+00
7.842363315000000501e-01 0.000000000000000000e+00
8.031335925000000486e-01 0.000000000000000000e+00
8.220308535000000472e-01 0.000000000000000000e+00
8.409281145000000457e-01 0.000000000000000000e+00
8.598253755000000442e-01 0.000000000000000000e+00
8.787226365000000428e-01 0.000000000000000000e+00
8.976198975000000413e-01 2.000000000000000000e+00
9.165171585000001508e-01 0.000000000000000000e+00
9.354144195000001494e-01 0.000000000000000000e+00
9.543116805000001479e-01 0.000000000000000000e+00
9.732089415000001464e-01 0.000000000000000000e+00
9.921062025000001450e-01 0.000000000000000000e+00
1.011003463500000032e+00 0.000000000000000000e+00
1.029900724500000031e+00 2.000000000000000000e+00
1.048797985500000030e+00 2.000000000000000000e+00
1.067695246500000028e+00 4.000000000000000000e+00
1.086592507500000027e+00 2.000000000000000000e+00
1.105489768500000025e+00 0.000000000000000000e+00
1.124387029500000024e+00 4.000000000000000000e+00
1.143284290500000022e+00 2.000000000000000000e+00
1.162181551500000021e+00 2.000000000000000000e+00
1.181078812500000019e+00 1.800000000000000000e+01
1.199976073500000018e+00 1.200000000000000000e+01
1.218873334500000238e+00 8.000000000000000000e+00
1.237770595500000237e+00 1.200000000000000000e+01
1.256667856500000235e+00 1.800000000000000000e+01
1.275565117500000234e+00 3.400000000000000000e+01
1.294462378500000233e+00 1.000000000000000000e+01
1.313359639500000231e+00 2.600000000000000000e+01
1.332256900500000230e+00 4.400000000000000000e+01
1.351154161500000228e+00 3.600000000000000000e+01
1.370051422500000227e+00 4.200000000000000000e+01
1.388948683500000225e+00 3.400000000000000000e+01
1.407845944500000224e+00 5.600000000000000000e+01
1.426743205500000222e+00 6.800000000000000000e+01
1.445640466500000221e+00 8.800000000000000000e+01
1.464537727500000219e+00 8.600000000000000000e+01
1.483434988500000218e+00 1.360000000000000000e+02
1.502332249500000216e+00 1.100000000000000000e+02
1.521229510500000215e+00 1.860000000000000000e+02
1.540126771500000213e+00 1.500000000000000000e+02
1.559024032500000212e+00 1.840000000000000000e+02
1.577921293500000210e+00 1.860000000000000000e+02
1.596818554500000209e+00 2.100000000000000000e+02
1.615715815500000208e+00 2.260000000000000000e+02
1.634613076500000206e+00 2.600000000000000000e+02
1.653510337500000205e+00 3.040000000000000000e+02
1.672407598500000203e+00 3.440000000000000000e+02
1.691304859500000202e+00 3.540000000000000000e+02
1.710202120500000200e+00 3.760000000000000000e+02
1.729099381500000199e+00 3.960000000000000000e+02
1.747996642500000197e+00 4.460000000000000000e+02
1.766893903500000196e+00 4.460000000000000000e+02
1.785791164500000194e+00 5.220000000000000000e+02
1.804688425500000193e+00 4.800000000000000000e+02
1.823585686500000191e+00 5.180000000000000000e+02
1.842482947500000190e+00 5.920000000000000000e+02
1.861380208500000188e+00 5.940000000000000000e+02
1.880277469500000187e+00 5.700000000000000000e+02
1.899174730500000186e+00 6.280000000000000000e+02
1.918071991500000184e+00 7.560000000000000000e+02
1.936969252500000183e+00 6.520000000000000000e+02
1.955866513500000181e+00 7.680000000000000000e+02
1.974763774500000180e+00 7.520000000000000000e+02
1.993661035500000178e+00 8.100000000000000000e+02
2.012558296500000399e+00 7.140000000000000000e+02
2.031455557500000175e+00 8.120000000000000000e+02
2.050352818500000396e+00 9.020000000000000000e+02
2.069250079500000172e+00 8.420000000000000000e+02
2.088147340500000393e+00 8.220000000000000000e+02
2.107044601500000169e+00 7.740000000000000000e+02
2.125941862500000390e+00 8.400000000000000000e+02
2.144839123500000166e+00 8.560000000000000000e+02
2.163736384500000387e+00 9.740000000000000000e+02
2.182633645500000164e+00 7.940000000000000000e+02
2.201530906500000384e+00 8.760000000000000000e+02
2.220428167500000161e+00 8.700000000000000000e+02
2.239325428500000381e+00 8.160000000000000000e+02
2.258222689500000158e+00 8.800000000000000000e+02
2.277119950500000378e+00 9.120000000000000000e+02
2.296017211500000155e+00 9.540000000000000000e+02
2.314914472500000375e+00 8.700000000000000000e+02
2.333811733500000152e+00 8.920000000000000000e+02
2.352708994500000372e+00 9.280000000000000000e+02
2.371606255500000149e+00 8.840000000000000000e+02
2.390503516500000369e+00 9.160000000000000000e+02
2.409400777500000146e+00 8.900000000000000000e+02
2.428298038500000366e+00 9.640000000000000000e+02
2.447195299500000143e+00 9.920000000000000000e+02
2.466092560500000364e+00 8.760000000000000000e+02
2.484989821500000140e+00 9.440000000000000000e+02
2.503887082500000361e+00 9.220000000000000000e+02
2.522784343500000137e+00 9.900000000000000000e+02
2.541681604500000358e+00 8.660000000000000000e+02
2.560578865500000134e+00 8.760000000000000000e+02
2.579476126500000355e+00 9.060000000000000000e+02
2.598373387500000131e+00 8.280000000000000000e+02
2.617270648500000352e+00 7.700000000000000000e+02
2.636167909500000128e+00 8.420000000000000000e+02
2.655065170500000349e+00 8.980000000000000000e+02
2.673962431500000125e+00 7.820000000000000000e+02
2.692859692500000346e+00 8.020000000000000000e+02
2.711756953500000122e+00 8.480000000000000000e+02
2.730654214500000343e+00 8.540000000000000000e+02
2.749551475500000119e+00 8.560000000000000000e+02
2.768448736500000340e+00 8.760000000000000000e+02
2.787345997500000117e+00 8.760000000000000000e+02
2.806243258500000337e+00 8.740000000000000000e+02
2.825140519500000114e+00 8.900000000000000000e+02
2.844037780500000334e+00 9.520000000000000000e+02
2.862935041500000111e+00 8.840000000000000000e+02
2.881832302500000331e+00 9.780000000000000000e+02
2.900729563500000108e+00 9.860000000000000000e+02
2.919626824500000328e+00 1.064000000000000000e+03
2.938524085500000105e+00 1.054000000000000000e+03
2.957421346500000325e+00 1.138000000000000000e+03
2.976318607500000102e+00 1.250000000000000000e+03
2.995215868500000322e+00 1.258000000000000000e+03
3.014113129500000099e+00 1.318000000000000000e+03
3.033010390500000319e+00 1.516000000000000000e+03
3.051907651500000540e+00 1.506000000000000000e+03
3.070804912500000317e+00 1.658000000000000000e+03
3.089702173500000537e+00 1.788000000000000000e+03
3.108599434500000314e+00 1.724000000000000000e+03
3.127496695500000534e+00 1.988000000000000000e+03
3.146393956500000311e+00 2.150000000000000000e+03
3.165291217500000531e+00 2.120000000000000000e+03
3.184188478500000308e+00 2.430000000000000000e+03
3.203085739500000528e+00 2.414000000000000000e+03
3.221983000500000305e+00 2.522000000000000000e+03
3.240880261500000525e+00 2.590000000000000000e+03
3.259777522500000302e+00 2.810000000000000000e+03
3.278674783500000522e+00 2.974000000000000000e+03
3.297572044500000299e+00 3.020000000000000000e+03
3.316469305500000520e+00 3.288000000000000000e+03
3.335366566500000296e+00 3.380000000000000000e+03
3.354263827500000517e+00 3.542000000000000000e+03
3.373161088500000293e+00 3.598000000000000000e+03
3.392058349500000514e+00 3.720000000000000000e+03
3.410955610500000290e+00 3.888000000000000000e+03
3.429852871500000511e+00 3.984000000000000000e+03
3.448750132500000287e+00 4.136000000000000000e+03
3.467647393500000508e+00 4.128000000000000000e+03
3.486544654500000284e+00 4.260000000000000000e+03
3.505441915500000505e+00 4.276000000000000000e+03
3.524339176500000281e+00 4.416000000000000000e+03
3.543236437500000502e+00 4.670000000000000000e+03
3.562133698500000278e+00 4.474000000000000000e+03
3.581030959500000499e+00 4.688000000000000000e+03
3.599928220500000275e+00 4.852000000000000000e+03
3.618825481500000496e+00 4.638000000000000000e+03
3.637722742500000273e+00 4.712000000000000000e+03
3.656620003500000493e+00 4.756000000000000000e+03
3.675517264500000270e+00 4.534000000000000000e+03
3.694414525500000490e+00 4.572000000000000000e+03
3.713311786500000267e+00 4.514000000000000000e+03
3.732209047500000487e+00 4.400000000000000000e+03
3.751106308500000264e+00 4.430000000000000000e+03
3.770003569500000484e+00 4.152000000000000000e+03
3.788900830500000261e+00 4.220000000000000000e+03
3.807798091500000481e+00 4.124000000000000000e+03
3.826695352500000258e+00 3.814000000000000000e+03
3.845592613500000478e+00 3.582000000000000000e+03
3.864489874500000255e+00 3.582000000000000000e+03
3.883387135500000475e+00 3.314000000000000000e+03
3.902284396500000252e+00 3.074000000000000000e+03
3.921181657500000473e+00 2.824000000000000000e+03
3.940078918500000249e+00 2.786000000000000000e+03
3.958976179500000470e+00 2.502000000000000000e+03
3.977873440500000246e+00 2.228000000000000000e+03
3.996770701500000467e+00 2.240000000000000000e+03
4.015667962500000243e+00 1.860000000000000000e+03
4.034565223500000464e+00 1.856000000000000000e+03
4.053462484500000684e+00 1.592000000000000000e+03
4.072359745500000017e+00 1.454000000000000000e+03
4.091257006500000237e+00 1.376000000000000000e+03
4.110154267500000458e+00 1.254000000000000000e+03
4.129051528500000678e+00 1.034000000000000000e+03
4.147948789500000011e+00 8.620000000000000000e+02
4.166846050500000231e+00 7.960000000000000000e+02
4.185743311500000452e+00 7.020000000000000000e+02
4.204640572500000673e+00 6.120000000000000000e+02
4.223537833500000005e+00 5.360000000000000000e+02
4.242435094500000226e+00 4.540000000000000000e+02
4.261332355500000446e+00 3.700000000000000000e+02
4.280229616500000667e+00 3.560000000000000000e+02
4.299126877500000887e+00 2.720000000000000000e+02
4.318024138500000220e+00 2.240000000000000000e+02
4.336921399500000440e+00 1.880000000000000000e+02
4.355818660500000661e+00 1.380000000000000000e+02
4.374715921500000881e+00 1.380000000000000000e+02
4.393613182500000214e+00 1.280000000000000000e+02
4.412510443500000434e+00 1.140000000000000000e+02
4.431407704500000655e+00 6.200000000000000000e+01
4.450304965500000876e+00 6.200000000000000000e+01
4.469202226500000208e+00 4.800000000000000000e+01
4.488099487500000428e+00 3.000000000000000000e+01
4.506996748500000649e+00 2.600000000000000000e+01
4.525894009500000870e+00 2.200000000000000000e+01
4.544791270500000202e+00 1.800000000000000000e+01
4.563688531500000423e+00 2.200000000000000000e+01
4.582585792500000643e+00 1.600000000000000000e+01
4.601483053500000864e+00 1.400000000000000000e+01
4.620380314500000196e+00 4.000000000000000000e+00
4.639277575500000417e+00 1.200000000000000000e+01
4.658174836500000637e+00 8.000000000000000000e+00
4.677072097500000858e+00 1.400000000000000000e+01
4.695969358500000190e+00 4.000000000000000000e+00
4.714866619500000411e+00 6.000000000000000000e+00
4.733763880500000631e+00 0.000000000000000000e+00
4.752661141500000852e+00 2.000000000000000000e+00
4.771558402500000184e+00 2.000000000000000000e+00
4.790455663500000405e+00 2.000000000000000000e+00
4.809352924500000626e+00 0.000000000000000000e+00
4.828250185500000846e+00 2.000000000000000000e+00
4.847147446500000179e+00 0.000000000000000000e+00
4.866044707500000399e+00 0.000000000000000000e+00
4.884941968500000620e+00 0.000000000000000000e+00
4.903839229500000840e+00 0.000000000000000000e+00
4.922736490500000173e+00 0.000000000000000000e+00
4.941633751500000393e+00 0.000000000000000000e+00
4.960531012500000614e+00 0.000000000000000000e+00
4.979428273500000834e+00 0.000000000000000000e+00
4.998325534500000167e+00 0.000000000000000000e+00
5.017222795500000387e+00 0.000000000000000000e+00
5.036120056500000608e+00 0.000000000000000000e+00
5.055017317500000829e+00 0.000000000000000000e+00
5.073914578500000161e+00 0.000000000000000000e+00
5.092811839500000382e+00 0.000000000000000000e+00
5.111709100500000602e+00 0.000000000000000000e+00
5.130606361500000823e+00 0.000000000000000000e+00
5.149503622500000155e+00 0.000000000000000000e+00
5.168400883500000376e+00 0.000000000000000000e+00
5.187298144500000596e+00 0.000000000000000000e+00
5.206195405500000817e+00 0.000000000000000000e+00
5.225092666500000149e+00 0.000000000000000000e+00
5.243989927500000370e+00 0.000000000000000000e+00
5.262887188500000590e+00 0.000000000000000000e+00
5.281784449500000811e+00 0.000000000000000000e+00
5.300681710500000143e+00 0.000000000000000000e+00
5.319578971500000364e+00 0.000000000000000000e+00
5.338476232500000584e+00 0.000000000000000000e+00
5.357373493500000805e+00 0.000000000000000000e+00
5.376270754500000137e+00 0.000000000000000000e+00
5.395168015500000358e+00 0.000000000000000000e+00
5.414065276500000579e+00 0.000000000000000000e+00
5.432962537500000799e+00 0.000000000000000000e+00
5.451859798500001020e+00 0.000000000000000000e+00
5.470757059500000352e+00 0.000000000000000000e+00
5.489654320500000573e+00 0.000000000000000000e+00
5.508551581500000793e+00 0.000000000000000000e+00
5.527448842500001014e+00 0.000000000000000000e+00
5.546346103500000346e+00 0.000000000000000000e+00
5.565243364500000567e+00 0.000000000000000000e+00
5.584140625500000787e+00 0.000000000000000000e+00
5.603037886500001008e+00 0.000000000000000000e+00
5.621935147500000340e+00 0.000000000000000000e+00
5.640832408500000561e+00 0.000000000000000000e+00
5.659729669500000782e+00 0.000000000000000000e+00
