<simulation verbosity='medium' mode='static'>
   <output prefix='ts'>
      <trajectory filename='pos' cell_units='angstrom'>positions{angstrom}</trajectory>
      <properties shape='(2)'> [ step, potential{electronvolt} ] </properties>
   </output>
   <step>13</step>
   <total_steps>20</total_steps>
   <ffsocket mode='unix' name='cbe'>
   </ffsocket>
   <system>
      <forces>
         <force forcefield='cbe'>
         </force>
      </forces>
      <ensemble>
         <temperature>  1.00000000e+00</temperature>
         <stress shape='(3, 3)'>
          [  -1.00000000e+00,  -1.00000000e+00,  -1.00000000e+00,  -1.00000000e+00,  -1.00000000e+00, 
             -1.00000000e+00,  -1.00000000e+00,  -1.00000000e+00,  -1.00000000e+00 ]
         </stress>
         <hamiltonian_weights shape='(1)'> [   1.00000000e+00 ] </hamiltonian_weights>
      </ensemble>
      <motion mode='instanton'>
         <instanton>
            <tolerances>
               <energy>  5.00000000e-06</energy>
               <force>  5.00000000e-06</force>
            </tolerances>
            <biggest_step>  3.00000000e-01</biggest_step>
            <old_pot shape='(1)'> [   2.39084780e-02 ] </old_pot>
            <old_force shape='(1, 18)'>
             [   1.27406974e-06,  -1.46277435e-07,  -8.47000248e-07,   3.16893733e-06,  -2.98894243e-07, 
                -2.33100206e-06,   6.07691675e-07,   1.53746460e-06,   1.79590232e-06,  -1.96796468e-06, 
                -1.96913597e-06,  -1.32804323e-06,  -3.83248988e-07,   4.63612482e-07,   6.84280410e-07, 
                -2.69946288e-06,   4.13252765e-07,   2.02584061e-06 ]
            </old_force>
            <opt>nichols</opt>
            <discretization shape='(2)'> [   1.00000000e+00,   1.00000000e+00 ] </discretization>
            <alt_out>-1</alt_out>
            <hessian shape='(18, 18)'>
             [   2.14847307e-03,  -3.52844420e-02,  -3.05060949e-02,   1.60408575e-02,   4.53192706e-02, 
                 3.91823768e-02,  -3.98106548e-03,  -4.93260988e-03,  -7.22903404e-03,   1.96953009e-03, 
                 5.49900681e-03,   4.86553020e-03,  -4.23106272e-03,  -8.36226643e-03,  -4.37770376e-03, 
                -1.19467214e-02,  -2.23897567e-03,  -1.93507432e-03,  -3.52843643e-02,  -1.09606102e-02, 
                -3.66956077e-02,   4.53054760e-02,   3.28603450e-02,   4.71188866e-02,  -4.12999634e-03, 
                -5.28175004e-03,  -8.05407130e-03,  -7.78754283e-03,  -5.21185872e-03,  -4.30464553e-03, 
                 4.12198331e-03,   1.35323419e-03,   4.24758007e-03,  -2.22554197e-03,  -1.27593575e-02, 
                -2.31214492e-03,  -3.05060949e-02,  -3.66956687e-02,  -2.42586506e-04,   3.91641913e-02, 
                 4.71113648e-02,   1.90908372e-02,   4.60393113e-03,   5.34474687e-03,   1.88134230e-03, 
                -7.10430881e-03,  -4.88530327e-03,  -4.14712986e-03,  -4.24042468e-03,  -8.57041105e-03, 
                -4.50643134e-03,  -1.91729965e-03,  -2.30473141e-03,  -1.20760291e-02,   1.60408742e-02, 
                 4.53055093e-02,   3.91641913e-02,   4.35974068e-01,  -1.33617031e-01,  -1.15536494e-01, 
                -1.27211250e-01,  -8.07428013e-02,   9.58378654e-02,  -1.55162533e-01,   1.12700610e-01, 
                 1.06124415e-01,  -1.44318821e-01,   9.09643749e-02,  -9.56732304e-02,  -2.53223276e-02, 
                -3.46106588e-02,  -2.99167580e-02,   4.53192733e-02,   3.28603922e-02,   4.71113648e-02, 
                -1.33616967e-01,   3.86281709e-01,  -1.39010001e-01,  -8.01393701e-02,  -1.33998418e-01, 
                 1.01927691e-01,   1.02729975e-01,  -1.29913749e-01,  -7.63333147e-02,   1.00331007e-01, 
                -1.17062016e-01,   1.02289172e-01,  -3.46239176e-02,  -3.81679077e-02,  -3.59849123e-02, 
                 3.91823823e-02,   4.71189088e-02,   1.90908650e-02,  -1.15536475e-01,  -1.39010045e-01, 
                 4.26855323e-01,   1.04715728e-01,   1.11982484e-01,  -1.47448440e-01,   9.71408121e-02, 
                -7.67684666e-02,  -1.23575078e-01,  -9.55681784e-02,   9.26692723e-02,  -1.47274754e-01, 
                -2.99342412e-02,  -3.59921620e-02,  -2.76479006e-02,  -3.98108491e-03,  -4.12999634e-03, 
                 4.60392557e-03,  -1.27211244e-01,  -8.01393535e-02,   1.04715681e-01,   1.26682798e-01, 
                 8.57915905e-02,  -1.06854869e-01,  -7.15182080e-03,  -1.23639099e-02,   1.05017328e-02, 
                 1.22369864e-02,   1.16325449e-02,  -1.23873328e-02,  -5.75625658e-04,  -7.90850718e-04, 
                -5.79156167e-04,  -4.93260710e-03,  -5.28175281e-03,   5.34474409e-03,  -8.07427902e-02, 
                -1.33998412e-01,   1.11982471e-01,   8.57915877e-02,   1.33985892e-01,  -1.13188905e-01, 
                 1.05363551e-02,   1.21650384e-02,  -1.17590271e-02,  -9.91640381e-03,  -6.08283146e-03, 
                 8.25211843e-03,  -7.36122274e-04,  -7.87955812e-04,  -6.31383834e-04,  -7.22902849e-03, 
                -8.05406852e-03,   1.88132288e-03,   9.58379043e-02,   1.01927691e-01,  -1.47448428e-01, 
                -1.06854905e-01,  -1.13188928e-01,   1.59696661e-01,   6.49976739e-03,   1.04973086e-02, 
                -6.71806222e-03,   1.15166127e-02,   8.53363213e-03,  -7.85950749e-03,   2.29649633e-04, 
                 2.84347546e-04,   4.47997195e-04,   1.96952454e-03,  -7.78754006e-03,  -7.10430603e-03, 
                -1.55162527e-01,   1.02730011e-01,   9.71408565e-02,  -7.15183746e-03,   1.05363523e-02, 
                 6.49977017e-03,   1.67891609e-01,  -1.13876630e-01,  -1.07986137e-01,  -8.00796374e-03, 
                 8.08046408e-03,   1.11802706e-02,   4.61186644e-04,   3.17335047e-04,   2.69548273e-04, 
                 5.49900681e-03,  -5.21186427e-03,  -4.88530327e-03,   1.12700568e-01,  -1.29913738e-01, 
                -7.67684749e-02,  -1.23639210e-02,   1.21650606e-02,   1.04973141e-02,  -1.13876583e-01, 
                 1.29651537e-01,   8.16736817e-02,   8.63189797e-03,  -5.91803551e-03,  -9.76722314e-03, 
                -5.90980043e-04,  -7.72956699e-04,  -7.50013940e-04,   4.86552743e-03,  -4.30463165e-03, 
                -4.14713541e-03,   1.06124351e-01,  -7.63333063e-02,  -1.23575070e-01,   1.05017328e-02, 
                -1.17590188e-02,  -6.71805944e-03,  -1.07986087e-01,   8.16736678e-02,   1.22817975e-01, 
                -1.29568301e-02,   1.15130766e-02,   1.22214294e-02,  -5.48711077e-04,  -7.89771026e-04, 
                -5.99145733e-04,  -4.23105440e-03,   4.12196943e-03,  -4.24043023e-03,  -1.44318810e-01, 
                 1.00331035e-01,  -9.55681839e-02,   1.22369864e-02,  -9.91640103e-03,   1.15166154e-02, 
                -8.00797206e-03,   8.63188965e-03,  -1.29568301e-02,   1.44942716e-01,  -1.02431391e-01, 
                 1.01985795e-01,  -6.21855345e-04,  -7.37085393e-04,  -7.36971595e-04,  -8.36226921e-03, 
                 1.35323419e-03,  -8.57040550e-03,   9.09643444e-02,  -1.17062010e-01,   9.26692473e-02, 
                 1.16325477e-02,  -6.08283424e-03,   8.53363213e-03,   8.08046685e-03,  -5.91802995e-03, 
                 1.15130766e-02,  -1.02431377e-01,   1.27334715e-01,  -1.04268003e-01,   1.16279208e-04, 
                 3.74930642e-04,   1.22457600e-04,  -4.37770376e-03,   4.24758007e-03,  -4.50642301e-03, 
                -9.56732193e-02,   1.02289194e-01,  -1.47274740e-01,  -1.23873301e-02,   8.25211843e-03, 
                -7.85951582e-03,   1.11802678e-02,  -9.76722037e-03,   1.22214322e-02,   1.01985800e-01, 
                -1.04268016e-01,   1.48086293e-01,  -7.27809479e-04,  -7.53641594e-04,  -6.67035871e-04, 
                -1.19467047e-02,  -2.22546426e-03,  -1.91727467e-03,  -2.53223303e-02,  -3.46239121e-02, 
                -2.99342523e-02,  -5.75625658e-04,  -7.36127825e-04,   2.29641306e-04,   4.61192196e-04, 
                -5.90980043e-04,  -5.48699974e-04,  -6.21847018e-04,   1.16293086e-04,  -7.27798377e-04, 
                 3.80053211e-02,   3.80602022e-02,   3.28983785e-02,  -2.23897845e-03,  -1.27593242e-02, 
                -2.30472863e-03,  -3.46106671e-02,  -3.81679216e-02,  -3.59921620e-02,  -7.90850718e-04, 
                -7.87947485e-04,   2.84350321e-04,   3.17346149e-04,  -7.72962250e-04,  -7.89779353e-04, 
                -7.37090944e-04,   3.74936193e-04,  -7.53641594e-04,   3.80602355e-02,   5.21132110e-02, 
                 3.95559557e-02,  -1.93505212e-03,  -2.31207276e-03,  -1.20760041e-02,  -2.99167580e-02, 
                -3.59849261e-02,  -2.76479090e-02,  -5.79150616e-04,  -6.31386610e-04,   4.48005522e-04, 
                 2.69556599e-04,  -7.50011164e-04,  -5.99148509e-04,  -7.36971595e-04,   1.22449273e-04, 
                -6.67035871e-04,   3.28983868e-02,   3.95559419e-02,   4.05420808e-02 ]
            </hessian>
            <hessian_asr>poly</hessian_asr>
            <hessian_final>true</hessian_final>
         </instanton>
      </motion>
      <beads natoms='6' nbeads='1'>
         <q shape='(1, 18)'>
          [   2.52925727e+00,   3.07534349e+00,   2.62465346e+00,   1.13059538e+00,   1.39284531e+00, 
              1.16997860e+00,   3.44931589e-02,   2.40459866e-01,   2.47926976e+00,   2.48120147e+00, 
              2.66997147e-01,   9.66571547e-02,  -7.62374746e-02,   2.52528777e+00,  -5.67283487e-02, 
              3.40766585e+00,   4.13144576e+00,   3.53749367e+00 ]
         </q>
         <p shape='(1, 18)'>
          [   0.00000000e+00,   0.00000000e+00,   0.00000000e+00,   0.00000000e+00,   0.00000000e+00, 
              0.00000000e+00,   0.00000000e+00,   0.00000000e+00,   0.00000000e+00,   0.00000000e+00, 
              0.00000000e+00,   0.00000000e+00,   0.00000000e+00,   0.00000000e+00,   0.00000000e+00, 
              0.00000000e+00,   0.00000000e+00,   0.00000000e+00 ]
         </p>
         <m shape='(6)'>
          [   1.83736223e+03,   2.18941669e+04,   1.83736223e+03,   1.83736223e+03,   1.83736223e+03, 
              1.83736223e+03 ]
         </m>
         <names shape='(6)'>
          [ H, C, H, H, H, 
            H ]
         </names>
      </beads>
      <cell shape='(3, 3)'>
       [   2.00000000e+02,   1.22464680e-14,   1.22464680e-14,   0.00000000e+00,   2.00000000e+02, 
           1.22464680e-14,   0.00000000e+00,   0.00000000e+00,   2.00000000e+02 ]
      </cell>
   </system>
</simulation>
